                0            1          2     3     4
0     1071081.259  1058171.573   3.627000  22.0  35.0
1     1071116.259  1058146.573   1.380000  22.0  35.0
2     1071218.165  1059070.194   1.089000  37.0  16.0
3     1071253.165  1059045.194   0.663000  37.0  16.0
4     1071289.581  1059657.087   1.016000  37.0  16.0
5     1071324.581  1059632.087   0.424000  37.0  16.0
6     1071443.298  1060468.282   0.206000  37.0  67.0
7     1071478.298  1060443.282   0.398000  37.0  67.0
8     1071530.637  1058877.304   1.213000  22.0  16.0
9     1071534.910  1060047.377   0.394000  37.0  67.0
10    1071565.637  1058852.304   0.630000  22.0  16.0
11    1071569.910  1060022.377   0.245000  37.0  67.0
12    1071588.040  1058246.347   1.911000  22.0  35.0
13    1071623.040  1058221.347   0.881000  22.0  35.0
14    1071635.618  1059619.566   0.321000  37.0  16.0
15    1071691.914  1057797.228   1.528000  22.0  35.0
16    1071726.914  1057772.228   0.988000  22.0  35.0
17    1071768.867  1060480.996   1.697000  37.0  67.0
18    1071803.867  1060455.996   0.407000  37.0  67.0
19    1071847.273  1059201.499   0.185000  37.0  16.0
20    1071854.032  1059575.628   0.960000  37.0  16.0
21    1071882.273  1059176.499   0.191000  37.0  16.0
22    1071889.032  1059550.628   0.508000  37.0  16.0
23    1071912.161  1057821.993   0.620000  22.0  35.0
24    1071947.161  1057796.993   0.728000  22.0  35.0
25    1072000.640  1060937.170   1.974000  37.0  67.0
26    1072007.206  1058876.893   1.486000  22.0  16.0
27    1072034.652  1060460.421   0.525000  37.0  67.0
28    1072035.640  1060912.170   1.027000  37.0  67.0
29    1072042.206  1058851.893   0.719000  22.0  16.0
30    1072051.532  1057187.171   0.744000  22.0  35.0
31    1072066.842  1058044.818   0.437000  22.0  35.0
32    1072069.652  1060435.421   0.423000  37.0  67.0
33    1072123.670  1057665.474   0.474000  22.0  35.0
34    1072128.214  1060028.643   0.598000  37.0  67.0
35    1072133.347  1057462.754   0.584000  22.0  35.0
36    1072150.582  1059614.575   1.726000  37.0  16.0
37    1072158.670  1057640.474   0.158000  22.0  35.0
38    1072162.062  1058265.753   1.019000  22.0  35.0
39    1072163.214  1060003.643   0.381000  37.0  67.0
40    1072168.347  1057437.754   0.322000  22.0  35.0
41    1072185.582  1059589.575   0.527000  37.0  16.0
42    1072197.062  1058240.753   0.522000  22.0  35.0
43    1072244.597  1058486.876   0.314000  22.0  35.0
44    1072305.365  1057804.661   0.705000  22.0  35.0
45    1072340.365  1057779.661   0.150000  22.0  35.0
46    1072398.749  1058938.634   1.270000  22.0  16.0
47    1072409.848  1060536.808   2.278000  37.0  67.0
48    1072433.749  1058913.634   0.633000  22.0  16.0
49    1072444.848  1060511.808   0.844000  37.0  67.0
50    1072487.965  1058117.659   0.267000  22.0  35.0
51    1072538.035  1058379.101   0.526000  22.0  35.0
52    1072539.897  1060031.897   0.689000  37.0  67.0
53    1072564.793  1057854.458   0.208000  22.0  35.0
54    1072573.035  1058354.101   0.216000  22.0  35.0
55    1072590.990  1058637.606   0.475000  22.0  35.0
56    1072625.990  1058612.606   0.316000  22.0  35.0
57    1072712.178  1059207.193   0.778000  37.0  16.0
58    1072749.429  1057229.612   0.772000  22.0  10.0
59    1072766.927  1058293.873   0.117000  22.0  35.0
60    1072846.088  1057485.212   1.418000  22.0  10.0
61    1072881.088  1057460.212   0.632000  22.0  10.0
62    1072892.049  1059715.840   1.875000  37.0  45.0
63    1072921.793  1060860.192   0.665000  32.0  45.0
64    1072927.049  1059690.840   1.749000  37.0  45.0
65    1072966.826  1057965.495   1.430000  22.0  10.0
66    1072980.816  1060272.905   0.795000  32.0  45.0
67    1073001.826  1057940.495   0.285000  22.0  10.0
68    1073015.816  1060247.905   0.780000  32.0  45.0
69    1073023.896  1058304.102   0.123000  22.0  10.0
70    1073073.945  1060572.418   0.285000  32.0  45.0
71    1073160.250  1058880.049   0.452000   6.0  32.0
72    1073171.065  1058523.838   0.606000   6.0  10.0
73    1073177.509  1060458.759   0.218000  32.0  45.0
74    1073212.509  1060433.759   0.618000  32.0  45.0
75    1073235.123  1060898.472   0.185000  32.0  45.0
76    1073270.123  1060873.472   0.462000  32.0  45.0
77    1073303.167  1058288.718   0.137000   6.0  10.0
78    1073312.849  1059207.629   0.652000   6.0  32.0
79    1073328.942  1057456.378   1.739000  22.0  10.0
80    1073363.942  1057431.378   0.488000  22.0  10.0
81    1073467.913  1057875.957   0.405000   6.0  10.0
82    1073481.852  1058708.280   0.191000   6.0  32.0
83    1073486.617  1059728.504   0.145000  32.0  45.0
84    1073502.913  1057850.957   0.511000   6.0  10.0
85    1073544.465  1060031.118   0.302000  32.0  45.0
86    1073565.418  1060675.724   0.260000  32.0  45.0
87    1073613.376  1057300.239   0.160000   6.0  10.0
88    1073658.336  1061084.333   0.141000  32.0  17.0
89    1073727.807  1059509.650   0.160000   6.0  32.0
90    1073833.338  1063280.994   0.220000  46.0  65.0
91    1073843.799  1061221.802   0.584000  32.0  17.0
92    1073857.690  1059198.293   0.146000   6.0  32.0
93    1073869.002  1061385.110   0.134000  32.0  17.0
94    1073870.488  1058453.990   0.613000   6.0  32.0
95    1073874.021  1057553.039   0.558000   6.0  10.0
96    1073878.799  1061196.802   0.156000  32.0  17.0
97    1073892.690  1059173.293   0.607000   6.0  32.0
98    1073900.896  1059826.072   0.630000  32.0  77.0
99    1073922.251  1058941.866   0.215000   6.0  32.0
100   1073929.134  1059524.388   0.139000   6.0  32.0
101   1073940.155  1057965.695   0.787000   6.0  10.0
102   1073953.909  1060134.339   0.265000  32.0  77.0
103   1073963.044  1058756.605   0.259000   6.0  32.0
104   1073965.551  1060287.487   0.219000  32.0  77.0
105   1073967.041  1060945.268   0.298000  32.0  17.0
106   1073975.155  1057940.695   1.369000   6.0  10.0
107   1074103.176  1063562.367   0.525000  46.0  65.0
108   1074179.836  1061327.751   0.145000  32.0  17.0
109   1074181.059  1060481.497   0.649000  32.0  77.0
110   1074220.371  1061148.208   0.154000  32.0  17.0
111   1074222.814  1062953.209   1.992000  46.0  65.0
112   1074255.371  1061123.208   0.249000  32.0  17.0
113   1074257.814  1062928.209   0.770000  46.0  65.0
114   1074259.696  1063383.316   0.106000  46.0  65.0
115   1074271.423  1060778.496   0.225000  32.0  77.0
116   1074296.628  1059362.771   0.250000   6.0  32.0
117   1074296.729  1061646.642   0.280000  32.0  17.0
118   1074296.729  1061646.642   0.280000  32.0  17.0
119   1074306.423  1060753.496   0.547000  32.0  77.0
120   1074315.275  1058405.361   0.569000   6.0  32.0
121   1074318.772  1062059.179   0.244000  46.0  17.0
122   1074321.574  1059664.956   0.268000   6.0  77.0
123   1074330.604  1063550.467   0.326000  46.0  65.0
124   1074331.346  1060029.752   0.249000  32.0  77.0
125   1074341.423  1060353.599   0.155000  32.0  77.0
126   1074359.204  1057928.131   0.200000   6.0  10.0
127   1074365.604  1063525.467   0.156000  46.0  65.0
128   1074400.718  1060693.034   0.345000  32.0  77.0
129   1074416.713  1061590.146   0.153000  32.0  17.0
130   1074429.322  1062084.200   0.155000  46.0  17.0
131   1074435.718  1060668.034   0.212000  32.0  77.0
132   1074453.150  1059047.388   0.340000   6.0  32.0
133   1074489.159  1063774.646   0.179000  46.0  65.0
134   1074554.439  1060189.577   0.216000  32.0  77.0
135   1074611.776  1063925.074   0.113000  46.0  65.0
136   1074633.277  1063091.601   0.817000  46.0  65.0
137   1074652.876  1058139.956   0.862000   6.0  68.0
138   1074687.876  1058114.956   0.237000   6.0  68.0
139   1074697.557  1058557.577   0.273000   6.0  68.0
140   1074721.619  1058899.318   0.225000   6.0  68.0
141   1074776.141  1059511.214   0.532000   1.0  77.0
142   1074844.286  1063149.870   0.424000  46.0  65.0
143   1074846.194  1059178.215   0.442000   1.0  68.0
144   1074879.286  1063124.870   0.822000  46.0  65.0
145   1075028.982  1063015.595   0.250000  46.0  65.0
146   1075063.982  1062990.595   0.412000  46.0  65.0
147   1075070.116  1059841.489   1.029000   1.0   1.0
148   1075178.380  1063057.343   0.266000  46.0  81.0
149   1075254.259  1060485.461   0.255000  31.0   1.0
150   1075255.737  1060165.695   0.829000   1.0   1.0
151   1075289.259  1060460.461   0.812000  31.0   1.0
152   1075295.226  1061367.447   0.102000  31.0  38.0
153   1075296.611  1063295.583   0.227000  46.0  81.0
154   1075328.145  1062741.200   0.513000  46.0  81.0
155   1075330.226  1061342.447   0.172000  31.0  38.0
156   1075369.097  1067760.751   1.422000   3.0  55.0
157   1075380.754  1058859.864   0.159000   1.0  68.0
158   1075389.140  1060907.328   0.113000  31.0   1.0
159   1075415.754  1058834.864   0.524000   1.0  68.0
160   1075424.140  1060882.328   0.277000  31.0   1.0
161   1075469.742  1060727.110   0.759000  31.0   1.0
162   1075479.643  1063835.704   0.482000  23.0  39.0
163   1075496.749  1059468.535   0.610000   1.0   1.0
164   1075504.742  1060702.110   0.750000  31.0   1.0
165   1075533.772  1065961.818   0.120000  28.0  27.0
166   1075551.784  1059103.828   0.772000   1.0  68.0
167   1075552.739  1058330.294   0.525000   1.0  68.0
168   1075567.381  1061111.775   0.465000  31.0  38.0
169   1075568.772  1065936.818   1.351000  28.0  27.0
170   1075580.206  1062899.730   0.118000  23.0  81.0
171   1075587.739  1058305.294   0.768000   1.0  68.0
172   1075602.381  1061086.775   1.044000  31.0  38.0
173   1075611.228  1063335.888   0.400000  23.0  81.0
174   1075615.916  1065238.473   0.435000  28.0  27.0
175   1075616.296  1067068.890   7.515000   3.0  55.0
176   1075650.916  1065213.473   0.931000  28.0  27.0
177   1075651.296  1067043.890   0.457000   3.0  55.0
178   1075658.786  1064053.007   0.288000  23.0  39.0
179   1075705.334  1064268.171   0.592000  23.0  39.0
180   1075705.589  1059962.824   0.301000   1.0   1.0
181   1075740.334  1064243.171   0.167000  23.0  39.0
182   1075741.098  1066163.813   0.231000  28.0  27.0
183   1075741.711  1064633.497   0.308000  23.0  39.0
184   1075765.693  1059658.781   0.144000   1.0   1.0
185   1075767.176  1063223.973   0.220000  23.0  81.0
186   1075771.099  1062717.363   0.306000  23.0  81.0
187   1075776.711  1064608.497   0.331000  23.0  39.0
188   1075802.100  1063673.289   0.150000  23.0  39.0
189   1075809.623  1061609.533   0.400000  31.0  38.0
190   1075843.972  1059644.729   0.110000   1.0   1.0
191   1075844.623  1061584.533   0.598000  31.0  38.0
192   1075853.102  1061858.135   0.202000  31.0  38.0
193   1075872.229  1062119.172   0.997000  31.0  38.0
194   1075878.972  1059619.729   0.108000   1.0   1.0
195   1075886.911  1064303.740   0.379000  23.0  39.0
196   1075906.263  1062599.015   0.245000  23.0  81.0
197   1075907.229  1062094.172   0.636000  31.0  38.0
198   1075921.911  1064278.740   0.103000  23.0  39.0
199   1075922.026  1066280.244   1.879000  28.0  27.0
200   1075922.631  1068062.374   0.435000   3.0  55.0
201   1075936.099  1063178.897   0.124000  23.0  81.0
202   1075941.263  1062574.015   0.167000  23.0  81.0
203   1075942.728  1063990.867   0.131000  23.0  39.0
204   1075957.026  1066255.244   0.736000  28.0  27.0
205   1075960.930  1063804.975   0.115000  23.0  39.0
206   1075961.550  1060050.312   0.402000   1.0   1.0
207   1075970.787  1061287.016   0.136000  31.0  38.0
208   1075979.827  1063510.683   0.100000  23.0  81.0
209   1076013.712  1062917.184   0.126000  23.0  81.0
210   1076025.642  1059516.601   0.254000   1.0   1.0
211   1076032.917  1064913.933   0.301000  28.0  39.0
212   1076038.151  1064737.862   0.273000  23.0  39.0
213   1076048.712  1062892.184   0.297000  23.0  81.0
214   1076055.607  1061653.055   0.159000  31.0  38.0
215   1076055.860  1060763.906   0.973000  31.0   1.0
216   1076060.642  1059491.601   0.286000   1.0   1.0
217   1076063.463  1060445.389   1.004000  31.0   1.0
218   1076067.901  1061391.672   0.103000  31.0  38.0
219   1076072.583  1063356.019   0.165000  23.0  81.0
220   1076090.860  1060738.906   0.494000  31.0   1.0
221   1076093.344  1067415.960   2.489000   3.0  55.0
222   1076098.463  1060420.389   0.442000  31.0   1.0
223   1076098.819  1059850.076   0.200000   1.0   1.0
224   1076100.520  1063096.414   0.213000  23.0  81.0
225   1076109.258  1062505.999   0.441000  23.0  81.0
226   1076109.448  1060932.746   0.117000  31.0  38.0
227   1076113.326  1061101.176   0.196000  31.0  38.0
228   1076124.808  1064600.949   0.156000  23.0  39.0
229   1076133.819  1059825.076   0.426000   1.0   1.0
230   1076135.520  1063071.414   0.140000  23.0  81.0
231   1076136.116  1064433.323   0.268000  23.0  39.0
232   1076140.842  1064159.717   0.335000  23.0  39.0
233   1076153.821  1061994.102   0.135000  31.0  38.0
234   1076170.571  1063802.883   0.210000  23.0  39.0
235   1076173.105  1061449.291   0.111000  31.0  38.0
236   1076175.842  1064134.717   0.330000  23.0  39.0
237   1076177.993  1065162.099   0.101000  28.0  27.0
238   1076184.963  1065434.572   0.501000  28.0  27.0
239   1076212.948  1067111.733   0.358000   3.0  55.0
240   1076212.993  1065137.099   0.581000  28.0  27.0
241   1076244.937  1059219.493   0.584000   1.0  98.0
242   1076247.948  1067086.733   0.363000   3.0  55.0
243   1076261.795  1061289.411   0.139000  31.0  38.0
244   1076268.674  1067665.524   0.136000   3.0  55.0
245   1076270.677  1062264.330   0.238000  31.0  38.0
246   1076299.492  1061936.745   0.383000  31.0  38.0
247   1076302.955  1065644.669   0.276000  28.0  27.0
248   1076303.674  1067640.524   1.977000   3.0  55.0
249   1076305.677  1062239.330   0.411000  31.0  38.0
250   1076324.234  1065856.709   0.177000  28.0  27.0
251   1076331.275  1066378.240   0.262000  28.0  55.0
252   1076338.931  1058616.936   2.146000   1.0  98.0
253   1076345.292  1061606.304   0.142000  31.0  38.0
254   1076359.234  1065831.709   0.351000  28.0  27.0
255   1076373.931  1058591.936   1.347000   1.0  98.0
256   1076392.990  1060246.365   0.165000  45.0   1.0
257   1076438.415  1061142.126   0.463000  31.0  38.0
258   1076439.813  1060089.593   0.167000  45.0   1.0
259   1076490.082  1062205.009   0.162000   7.0  38.0
260   1076529.687  1064589.452   0.118000  23.0  39.0
261   1076540.709  1059774.424   0.256000  45.0  30.0
262   1076543.283  1066800.166   0.132000   3.0  55.0
263   1076557.338  1063534.006   0.505000  23.0  39.0
264   1076565.172  1066142.053   0.862000  28.0  27.0
265   1076578.283  1066775.166   0.480000   3.0  55.0
266   1076581.352  1063798.334   0.355000  23.0  39.0
267   1076590.457  1059240.640   0.639000   1.0  98.0
268   1076609.239  1064816.576   0.710000  28.0  39.0
269   1076614.355  1064448.076   0.143000  23.0  39.0
270   1076627.609  1061732.982   0.465000  31.0  38.0
271   1076627.810  1064251.762   0.457000  23.0  39.0
272   1076638.657  1066569.984   0.289000   3.0  55.0
273   1076644.485  1063053.409   0.464000  23.0   7.0
274   1076646.745  1061020.947   0.251000  31.0  92.0
275   1076665.001  1066448.191   0.206000   3.0  55.0
276   1076695.644  1061443.589   0.212000  31.0  92.0
277   1076698.719  1063304.227   0.225000  23.0   7.0
278   1076699.833  1062417.295   0.590000   7.0   7.0
279   1076703.820  1063173.046   0.197000  23.0   7.0
280   1076729.030  1064019.503   0.154000  23.0  39.0
281   1076729.167  1060465.663   0.544000  45.0  30.0
282   1076741.049  1060767.816   0.539000  31.0  92.0
283   1076746.896  1060047.494   0.114000  45.0  30.0
284   1076769.615  1061253.672   0.140000  31.0  92.0
285   1076771.215  1062885.726   0.239000   7.0   7.0
286   1076775.520  1065435.011   0.433000  28.0  74.0
287   1076778.205  1062750.524   0.335000   7.0   7.0
288   1076789.281  1062074.387   0.690000   7.0  38.0
289   1076812.871  1065144.316   0.385000  28.0  74.0
290   1076824.281  1062049.387   0.211000   7.0  38.0
291   1076830.524  1065638.999   0.112000  28.0  74.0
292   1076836.260  1067010.123   0.234000   3.0  55.0
293   1076838.732  1064576.201   0.100000  21.0  63.0
294   1076860.934  1066320.061   0.238000  28.0  55.0
295   1076871.260  1066985.123   0.258000   3.0  55.0
296   1076873.505  1062611.205   0.282000   7.0   7.0
297   1076884.792  1059180.109   0.475000  45.0  98.0
298   1076890.252  1061044.780   0.317000  31.0  92.0
299   1076894.073  1062201.599   0.257000   7.0   7.0
300   1076924.176  1065839.176   0.220000  28.0  74.0
301   1076927.023  1066689.294   0.211000   3.0  55.0
302   1076932.001  1059807.023   0.119000  45.0  30.0
303   1076953.120  1060095.900   0.183000  45.0  30.0
304   1076960.956  1059530.599   0.121000  45.0  98.0
305   1076962.023  1066664.294   2.046000   3.0  55.0
306   1076970.330  1067609.908   1.204000   3.0  55.0
307   1076998.954  1066227.625   0.204000  28.0  74.0
308   1077009.136  1064514.303   0.432000  21.0  63.0
309   1077044.136  1064489.303   0.574000  21.0  63.0
310   1077048.262  1061187.179   0.357000   7.0  92.0
311   1077082.779  1066735.671   0.142000   3.0  55.0
312   1077089.618  1059932.671   0.156000  45.0  30.0
313   1077120.971  1066432.400   0.323000   3.0   9.0
314   1077131.775  1063733.147   0.408000  21.0  63.0
315   1077147.449  1059155.809   0.322000  45.0  98.0
316   1077150.221  1064014.221   0.105000  21.0  63.0
317   1077150.693  1067263.123   3.369000   3.0  55.0
318   1077151.522  1061990.843   0.146000   7.0  52.0
319   1077158.076  1058875.360   0.127000  45.0  98.0
320   1077182.300  1064261.277   0.774000  21.0  63.0
321   1077185.693  1067238.123   0.985000   3.0  55.0
322   1077201.412  1061060.351   0.192000   7.0  92.0
323   1077217.300  1064236.277   0.125000  21.0  63.0
324   1077227.044  1061459.214   0.110000   7.0  92.0
325   1077227.607  1063293.860   0.117000  21.0   7.0
326   1077231.092  1060374.785   0.351000  45.0  30.0
327   1077236.999  1060720.177   0.413000  45.0  92.0
328   1077238.239  1061698.907   0.556000   7.0  92.0
329   1077241.672  1063563.325   0.109000  21.0   7.0
330   1077248.051  1065131.276   0.339000  28.0  74.0
331   1077250.266  1060063.783   0.286000  45.0  30.0
332   1077259.382  1063149.520   0.168000  21.0   7.0
333   1077273.239  1061673.907   0.160000   7.0  92.0
334   1077273.646  1062189.521   0.136000   7.0  52.0
335   1077274.240  1063418.568   0.197000  21.0   7.0
336   1077276.867  1062317.873   0.164000   7.0  52.0
337   1077277.088  1061874.137   0.147000   7.0  52.0
338   1077281.045  1063014.900   0.121000   7.0   7.0
339   1077284.272  1061283.118   0.155000   7.0  92.0
340   1077289.546  1059428.427   0.174000  45.0  98.0
341   1077305.306  1062053.483   0.110000   7.0  52.0
342   1077305.356  1066607.785   0.226000   3.0   9.0
343   1077308.701  1066033.074   0.274000  28.0  74.0
344   1077312.643  1062490.792   0.170000   7.0   7.0
345   1077321.227  1062861.722   0.175000   7.0   7.0
346   1077343.701  1066008.074   0.542000  28.0  74.0
347   1077383.884  1065417.495   0.513000  28.0  74.0
348   1077402.192  1064473.451   0.506000  21.0  63.0
349   1077437.192  1064448.451   0.418000  21.0  63.0
350   1077439.564  1064792.429   0.544000  21.0  63.0
351   1077443.372  1065699.210   0.611000  28.0  74.0
352   1077446.453  1059130.846   0.415000  45.0  98.0
353   1077446.727  1059955.282   0.248000  45.0  30.0
354   1077491.903  1066425.697   0.100000   3.0   9.0
355   1077568.314  1067244.035   6.079000   3.0   9.0
356   1077568.954  1065094.419   0.190000  28.0  74.0
357   1077569.000  1066579.544   0.176000   3.0   9.0
358   1077571.023  1066196.453   0.793000  28.0   9.0
359   1077584.882  1067866.874   0.664398   3.0   9.0
360   1077591.861  1064133.087   0.183000  21.0  63.0
361   1077603.314  1067219.035   0.240000   3.0   9.0
362   1077642.217  1063755.847   0.389000  21.0  63.0
363   1077655.640  1066315.937   0.260000   3.0   9.0
364   1077675.995  1062082.665   0.406000   7.0  52.0
365   1077677.217  1063730.847   0.411000  21.0  63.0
366   1077698.300  1064448.358   0.205000  21.0  63.0
367   1077710.995  1062057.665   0.463000   7.0  52.0
368   1077724.995  1058995.901   1.453000  45.0  98.0
369   1077731.789  1065234.389   0.109000  28.0  74.0
370   1077735.549  1063431.837   0.371000  21.0   7.0
371   1077738.631  1061899.894   0.458000   7.0  52.0
372   1077757.244  1065859.889   0.227000  28.0  74.0
373   1077770.053  1062406.978   0.423000   7.0  52.0
374   1077789.716  1059736.084   0.253000  45.0  30.0
375   1077797.441  1065518.280   0.113000  28.0  74.0
376   1077804.016  1061731.348   0.226000   7.0  52.0
377   1077804.238  1061462.290   0.165000   7.0  52.0
378   1077812.549  1063146.502   0.237000  21.0   7.0
379   1077814.082  1064069.655   0.141000  21.0  63.0
380   1077824.141  1059434.998   0.690000  45.0  98.0
381   1077824.716  1059711.084   1.146000  45.0  30.0
382   1077834.861  1063284.616   0.229000  21.0   7.0
383   1077836.693  1066152.914   0.126000  28.0   9.0
384   1077839.238  1061437.290   0.532000   7.0  52.0
385   1077844.190  1066328.718   0.107000   3.0   9.0
386   1077853.461  1065248.252   0.310000  28.0  74.0
387   1077859.141  1059409.998   0.463000  45.0  98.0
388   1077862.293  1062862.759   0.311000   7.0   7.0
389   1077868.270  1067103.082   2.545000   3.0   9.0
390   1077871.217  1062726.270   0.258000   7.0   7.0
391   1077871.861  1065941.827   0.941000  28.0  74.0
392   1077885.163  1062592.852   0.208000   7.0  52.0
393   1077891.158  1061599.916   0.481000   7.0  52.0
394   1077893.133  1063009.136   0.326000   7.0   7.0
395   1077897.594  1061131.224   1.432000   7.0  92.0
396   1077898.217  1064841.127   0.133000  21.0  63.0
397   1077903.270  1067078.082   0.120000   3.0   9.0
398   1077908.319  1064697.082   0.122000  21.0  63.0
399   1077917.751  1060740.099   1.063000  45.0  92.0
400   1077942.548  1064486.031   0.451000  21.0  63.0
401   1077950.408  1067926.604   9.300000   3.0   9.0
402   1077959.602  1060426.352   0.963000  45.0  30.0
403   1077971.508  1064108.503   0.157000  21.0  63.0
404   1077987.540  1060092.047   0.731000  45.0  30.0
405   1078027.107  1066005.958   0.250000  28.0   9.0
406   1078028.414  1065104.912   0.406000  21.0  22.0
407   1078106.390  1066804.370   0.273000   3.0   9.0
408   1078126.687  1062041.597   0.144000   7.0  52.0
409   1078141.390  1066779.370   0.254000   3.0   9.0
410   1078177.982  1064372.277   0.275000  21.0  63.0
411   1078199.429  1066578.160   0.440000   3.0   9.0
412   1078207.237  1065267.098   0.719000   9.0  22.0
413   1078234.429  1066553.160   1.179000   3.0   9.0
414   1078238.533  1062176.645   0.286000   7.0  52.0
415   1078269.118  1062383.174   0.191000   7.0  52.0
416   1078283.650  1065987.132   0.212000   9.0   9.0
417   1078284.391  1064835.261   0.203000   9.0  22.0
418   1078304.549  1063668.319   1.155000  21.0  66.0
419   1078308.941  1061804.934   0.209000   7.0  52.0
420   1078330.816  1064697.356   0.169000   9.0  22.0
421   1078338.739  1065713.577   0.208000   9.0  22.0
422   1078399.587  1066262.720   0.738000  44.0   9.0
423   1078415.817  1064298.842   1.137000  21.0  22.0
424   1078437.413  1062043.897   0.163000   7.0  52.0
425   1078493.032  1062816.997   1.469000  20.0  37.0
426   1078499.769  1065295.781   3.821000   9.0  22.0
427   1078537.773  1061172.188   1.758000  36.0  76.0
428   1078542.216  1066772.633   0.509000  44.0   9.0
429   1078615.120  1065684.040   0.408000   9.0  22.0
430   1078673.325  1064752.716   0.403000   9.0  22.0
431   1078677.018  1063118.782   0.567000  20.0  66.0
432   1078678.271  1061233.500   2.971000  36.0  76.0
433   1078678.909  1063392.078   0.474000  20.0  66.0
434   1078681.180  1062565.340   1.515000  20.0  37.0
435   1078685.012  1063778.776   1.077000  20.0  66.0
436   1078700.836  1064411.585   1.851000   9.0  22.0
437   1078783.016  1061672.124   0.111000  36.0  76.0
438   1078783.143  1061943.135   0.257000  36.0  76.0
439   1078797.372  1061247.471   0.144000  36.0  76.0
440   1078804.162  1063269.459   0.221000  20.0  66.0
441   1078808.110  1060901.004   0.253000  36.0  76.0
442   1078818.016  1061647.124   0.178000  36.0  76.0
443   1078818.842  1063467.893   0.181000  20.0  66.0
444   1078819.144  1061407.000   0.118000  36.0  76.0
445   1078819.275  1062253.303   0.245000  20.0  37.0
446   1078830.367  1062843.609   0.149000  20.0  37.0
447   1078832.372  1061222.471   0.193000  36.0  76.0
448   1078832.475  1062546.096   0.122000  20.0  37.0
449   1078832.789  1063030.746   0.126000  20.0  37.0
450   1078839.162  1063244.459   0.144000  20.0  66.0
451   1078856.340  1065073.174   1.030000   9.0  22.0
452   1078882.679  1063847.781   0.919000  20.0  66.0
453   1078886.253  1064647.922   0.242000   9.0  22.0
454   1078921.253  1064622.922   0.101000   9.0  22.0
455   1078939.674  1062697.056   0.275000  20.0  37.0
456   1078984.526  1064437.871   0.188000   9.0  22.0
457   1078993.834  1064765.494   0.338000   9.0  22.0
458   1079002.066  1060151.443   0.175000  36.0  49.0
459   1079005.061  1061888.136   0.246000  36.0  76.0
460   1079040.061  1061863.136   0.164000  36.0  76.0
461   1079049.420  1061715.261   0.191000  36.0  76.0
462   1079052.154  1064209.540   0.303000   9.0  66.0
463   1079061.524  1063485.899   0.251000  20.0  66.0
464   1079074.382  1066786.879   0.251000  44.0  25.0
465   1079082.914  1063069.720   0.354000  20.0  37.0
466   1079091.263  1060983.526   0.179000  36.0  76.0
467   1079107.349  1065574.280   1.314000   9.0  22.0
468   1079124.207  1067834.707   0.276000  44.0  96.0
469   1079179.830  1060648.335   0.650000  36.0  49.0
470   1079191.292  1064631.332   0.133000   9.0  22.0
471   1079191.427  1067367.957   0.239000  44.0  96.0
472   1079197.030  1066997.009   0.238000  44.0  25.0
473   1079242.631  1063926.749   0.293000  20.0  66.0
474   1079243.349  1061166.029   0.356000  36.0  76.0
475   1079253.413  1062117.204   0.123000  20.0  37.0
476   1079263.998  1062418.199   0.103000  20.0  37.0
477   1079273.853  1060820.945   0.396000  36.0  49.0
478   1079275.452  1063647.059   0.151000  20.0  66.0
479   1079277.631  1063901.749   0.346000  20.0  66.0
480   1079278.349  1061141.029   0.344000  36.0  76.0
481   1079288.413  1062092.204   0.963000  20.0  37.0
482   1079298.764  1061563.709   0.399000  36.0  76.0
483   1079298.998  1062393.199   0.767000  20.0  37.0
484   1079317.509  1061384.065   0.339000  36.0  76.0
485   1079347.170  1065221.747   5.394000   9.0  58.0
486   1079358.292  1068109.042   0.229000  44.0  96.0
487   1079364.237  1062663.664   0.432000  20.0  37.0
488   1079375.555  1060421.420   0.272000  36.0  49.0
489   1079382.170  1065196.747   0.326000   9.0  58.0
490   1079448.821  1060099.392   0.421000  36.0  49.0
491   1079456.561  1063302.033   0.509000  20.0  37.0
492   1079462.545  1067782.395   0.405000  44.0  96.0
493   1079483.301  1061856.246   0.173000  36.0  76.0
494   1079483.821  1060074.392   1.743000  36.0  49.0
495   1079496.988  1067070.333   2.200000  44.0  25.0
496   1079497.545  1067757.395   0.546000  44.0  96.0
497   1079498.395  1061705.279   0.219000  36.0  76.0
498   1079531.297  1060974.500   0.160000  36.0  49.0
499   1079531.624  1065995.322   2.457000  44.0  25.0
500   1079531.988  1067045.333   0.397000  44.0  25.0
501   1079575.988  1064787.688   0.543000   9.0  58.0
502   1079605.480  1066610.864   0.611000  44.0  25.0
503   1079610.988  1064762.688   0.257000   9.0  58.0
504   1079640.480  1066585.864   0.315000  44.0  25.0
505   1079648.287  1064272.281   0.113000   9.0  58.0
506   1079683.287  1064247.281   1.617000   9.0  58.0
507   1079706.800  1062802.688   0.227000  20.0  37.0
508   1079713.197  1065754.441   0.260000   9.0  58.0
509   1079718.635  1065119.154   0.140000   9.0  58.0
510   1079722.203  1063253.038   0.328000  20.0  37.0
511   1079725.245  1067207.868   0.455000  44.0  25.0
512   1079726.860  1061267.771   0.354000  36.0   6.0
513   1079739.165  1061810.719   0.163000  36.0   6.0
514   1079752.709  1062403.131   0.273000  20.0  37.0
515   1079753.635  1065094.154   0.414000   9.0  58.0
516   1079761.860  1061242.771   0.285000  36.0   6.0
517   1079774.165  1061785.719   0.325000  36.0   6.0
518   1079818.835  1067018.075   0.222000  44.0  25.0
519   1079851.615  1066643.412   0.293000  44.0  25.0
520   1079853.835  1066993.075   0.129000  44.0  25.0
521   1079885.479  1062349.199   0.186000  20.0   6.0
522   1079886.615  1066618.412   0.230000  44.0  25.0
523   1079890.918  1065016.629   0.603000   9.0  58.0
524   1079896.267  1061408.721   0.129000  36.0   6.0
525   1079920.479  1062324.199   0.214000  20.0   6.0
526   1079925.918  1064991.629   0.185000   9.0  58.0
527   1079953.676  1064766.263   0.188000   9.0  58.0
528   1079956.210  1062730.434   0.189000  20.0  37.0
529   1079968.962  1060614.236   1.122000  36.0  49.0
530   1079976.346  1062044.072   0.897000   4.0   6.0
531   1079988.676  1064741.263   0.336000   9.0  58.0
532   1080003.962  1060589.236   1.406000  36.0  49.0
533   1080011.346  1062019.072   0.428000   4.0   6.0
534   1080023.133  1067008.485   0.129000  44.0  25.0
535   1080037.777  1067460.816   0.289000  44.0  97.0
536   1080040.298  1063204.414   0.204000  20.0  37.0
537   1080043.919  1066877.665   0.103000  44.0  25.0
538   1080055.997  1067174.730   0.428000  44.0  25.0
539   1080058.133  1066983.485   0.360000  44.0  25.0
540   1080075.298  1063179.414   0.310000  20.0  37.0
541   1080078.919  1066852.665   0.302000  44.0  25.0
542   1080089.235  1067709.406   0.199000  24.0  97.0
543   1080220.034  1067623.269   0.462000  24.0  97.0
544   1080248.756  1061334.231   0.162000   4.0   6.0
545   1080255.034  1067598.269   0.108000  24.0  97.0
546   1080283.756  1061309.231   0.297000   4.0   6.0
547   1080303.513  1061457.492   0.273000   4.0   6.0
548   1080303.946  1061599.583   0.262000   4.0   6.0
549   1080339.883  1061795.291   0.726000   4.0   6.0
550   1080347.857  1061129.771   0.260000   4.0   6.0
551   1080350.163  1064157.088   0.859000  29.0  82.0
552   1080361.720  1065303.131   0.913000   9.0  58.0
553   1080374.883  1061770.291   0.838000   4.0   6.0
554   1080396.720  1065278.131   0.975000   9.0  58.0
555   1080451.708  1062565.871   0.422000   4.0   6.0
556   1080461.278  1060792.757   0.155000   4.0  41.0
557   1080462.006  1066850.080   3.703000  24.0  25.0
558   1080480.111  1066206.398   2.875000  24.0  25.0
559   1080481.579  1060927.569   0.128000   4.0  41.0
560   1080486.708  1062540.871   0.588000   4.0   6.0
561   1080488.564  1067097.196   0.187000  24.0  97.0
562   1080515.111  1066181.398   2.015000  24.0  25.0
563   1080516.841  1064924.290   0.679000  29.0  82.0
564   1080551.841  1064899.290   0.551000  29.0  82.0
565   1080610.383  1067867.487   0.111000  24.0  97.0
566   1080634.638  1064630.641   0.146000  29.0  82.0
567   1080645.383  1067842.487   1.103000  24.0  97.0
568   1080675.599  1059726.432   0.959000   4.0  41.0
569   1080710.599  1059701.432   0.618000   4.0  41.0
570   1080713.509  1062326.787   0.683000   4.0   6.0
571   1080727.926  1067527.202   0.768000  24.0  97.0
572   1080743.572  1060066.280   0.598000   4.0  41.0
573   1080748.509  1062301.787   0.283000   4.0   6.0
574   1080762.926  1067502.202   0.761000  24.0  97.0
575   1080800.510  1064154.370   0.201000  29.0  82.0
576   1080827.000  1060631.996   0.631000   4.0  41.0
577   1080832.845  1060462.615   0.608000   4.0  41.0
578   1080835.510  1064129.370   0.508000  29.0  82.0
579   1080869.208  1065552.971   1.646000  29.0  82.0
580   1080875.307  1059877.661   0.807000   4.0  41.0
581   1080878.178  1060260.840   0.690000   4.0  41.0
582   1080891.613  1064591.835   0.157000  29.0  82.0
583   1080955.329  1063267.869   0.409000  29.0  31.0
584   1080970.183  1063429.124   0.309000  29.0  31.0
585   1081005.183  1063404.124   0.140000  29.0  31.0
586   1081022.130  1061769.624   0.197000   4.0  47.0
587   1081033.134  1066859.412   1.791000  24.0  97.0
588   1081044.851  1062311.341   0.873000   4.0  47.0
589   1081079.851  1062286.341   0.339000   4.0  47.0
590   1081093.400  1060935.549   0.334000   4.0  41.0
591   1081104.991  1064597.687   0.160000  29.0  82.0
592   1081105.229  1064771.961   0.182000  29.0  82.0
593   1081115.113  1060790.762   0.369000   4.0  41.0
594   1081120.034  1063744.628   1.056000  29.0  31.0
595   1081155.034  1063719.628   1.079000  29.0  31.0
596   1081209.656  1061295.850   0.263000   4.0  47.0
597   1081226.718  1061585.251   0.214000   4.0  47.0
598   1081241.254  1061107.328   0.402000   4.0  47.0
599   1081244.869  1064203.022   0.253000  29.0  31.0
600   1081258.003  1061442.131   0.323000   4.0  47.0
601   1081328.353  1067544.648   0.667000  24.0  57.0
602   1081356.543  1064641.079   0.143000  29.0  82.0
603   1081366.291  1067403.382   1.159000  24.0  57.0
604   1081366.999  1064081.379   1.051000  29.0  31.0
605   1081374.755  1062373.192   0.695000  43.0  47.0
606   1081401.999  1064056.379   0.513000  29.0  31.0
607   1081403.979  1065107.554   0.582000  29.0  82.0
608   1081408.120  1061767.440   0.425000   4.0  47.0
609   1081409.755  1062348.192   0.416000  43.0  47.0
610   1081438.979  1065082.554   0.692000  29.0  82.0
611   1081475.870  1064267.093   0.144000  29.0  31.0
612   1081510.870  1064242.093   0.248000  29.0  31.0
613   1081537.181  1063417.637   0.192000  29.0  31.0
614   1081572.181  1063392.637   0.423000  29.0  31.0
615   1081610.965  1064110.698   0.149000  29.0  31.0
616   1081645.965  1064085.698   0.436000  29.0  31.0
617   1081648.321  1066054.263   7.188000  14.0   0.0
618   1081674.145  1061905.586   0.115000  43.0  47.0
619   1081683.321  1066029.263   2.121000  14.0   0.0
620   1081702.368  1066938.997   1.593000  24.0  57.0
621   1081705.298  1062229.737   0.626000  43.0  47.0
622   1081719.732  1064799.052   0.441000  29.0  82.0
623   1081737.368  1066913.997   0.970000  24.0  57.0
624   1081738.243  1061732.452   0.582000  43.0  47.0
625   1081740.298  1062204.737   0.279000  43.0  47.0
626   1081754.732  1064774.052   0.416000  29.0  82.0
627   1081762.080  1059904.564   0.733000  35.0  48.0
628   1081773.243  1061707.452   0.146000  43.0  47.0
629   1081776.924  1060217.434   0.119000  35.0  48.0
630   1081797.080  1059879.564   0.271000  35.0  48.0
631   1081884.541  1060426.335   0.375000  35.0  48.0
632   1081891.956  1065195.054   0.381000  14.0   0.0
633   1081894.240  1059676.906   0.143000  35.0  48.0
634   1081909.111  1063290.717   0.123000  29.0  31.0
635   1081911.155  1060627.216   0.348000  35.0  48.0
636   1081912.795  1067816.549   0.111000  49.0  57.0
637   1081919.541  1060401.335   0.363000  35.0  48.0
638   1081925.678  1064250.165   2.463000  29.0  31.0
639   1081960.678  1064225.165   0.659000  29.0  31.0
640   1081970.774  1060058.100   0.769000  35.0  48.0
641   1081971.810  1062237.957   0.912000  43.0  47.0
642   1081977.072  1060923.311   0.218000  35.0  48.0
643   1081992.003  1060776.099   0.243000  35.0  48.0
644   1081993.850  1061382.099   0.381000  43.0  47.0
645   1082005.774  1060033.100   0.130000  35.0  48.0
646   1082006.810  1062212.957   0.197000  43.0  47.0
647   1082028.850  1061357.099   0.418000  43.0  47.0
648   1082029.443  1067384.731   3.184000  49.0  57.0
649   1082064.443  1067359.731   0.540000  49.0  57.0
650   1082080.912  1061062.501   0.369000  35.0  48.0
651   1082081.463  1061544.221   0.583000  43.0  47.0
652   1082086.500  1069533.358   0.102000  17.0  26.0
653   1082097.440  1067602.762   2.692000  49.0  57.0
654   1082116.463  1061519.221   0.209000  43.0  47.0
655   1082174.514  1061216.710   0.283000  43.0  47.0
656   1082177.106  1061818.839   1.608000  43.0  47.0
657   1082181.624  1068984.846   0.522000  17.0  26.0
658   1082208.970  1065102.544   0.513000  14.0   0.0
659   1082212.106  1061793.839   0.115000  43.0  47.0
660   1082225.933  1059860.322   0.377000  35.0  48.0
661   1082260.933  1059835.322   0.199000  35.0  48.0
662   1082316.424  1065829.667   6.378000  14.0   0.0
663   1082318.059  1062076.206   0.136000  43.0  47.0
664   1082328.913  1062858.718   1.681000  43.0  95.0
665   1082351.424  1065804.667   1.613000  14.0   0.0
666   1082363.913  1062833.718   1.241000  43.0  95.0
667   1082371.377  1068523.750   0.373000  49.0  26.0
668   1082379.345  1064180.489   1.203000  29.0  73.0
669   1082382.644  1059623.148   0.103000  35.0  48.0
670   1082382.957  1068268.353   0.825000  49.0  26.0
671   1082406.377  1068498.750   0.911000  49.0  26.0
672   1082414.345  1064155.489   1.319000  29.0  73.0
673   1082458.284  1069039.597   0.401000  17.0  26.0
674   1082460.768  1060591.887   0.179000  35.0  48.0
675   1082513.585  1069666.609   1.523000  17.0  26.0
676   1082536.492  1060908.550   0.131000  35.0  48.0
677   1082548.929  1060245.738   0.676000  35.0  48.0
678   1082556.510  1060724.250   0.104000  35.0  48.0
679   1082557.051  1065814.608   0.360000  14.0   0.0
680   1082579.086  1062978.325   0.388000  43.0  95.0
681   1082583.929  1060220.738   0.392000  35.0  48.0
682   1082592.051  1065789.608   0.703000  14.0   0.0
683   1082595.117  1061973.559   0.251000  43.0  95.0
684   1082602.482  1060426.522   0.210000  35.0  48.0
685   1082657.627  1059992.151   0.438000  35.0  48.0
686   1082688.443  1064796.252   0.138000  14.0  73.0
687   1082693.262  1067896.502   1.890000  49.0  83.0
688   1082710.006  1069034.570   0.176000  17.0  26.0
689   1082723.443  1064771.252   0.209000  14.0  73.0
690   1082745.006  1069009.570   0.494000  17.0  26.0
691   1082769.528  1065793.678   0.698000  14.0   0.0
692   1082773.942  1059703.232   0.165000  35.0  91.0
693   1082804.528  1065768.678   1.567000  14.0   0.0
694   1082805.900  1061460.143   0.949000  43.0  14.0
695   1082814.365  1066868.980   2.204000  49.0  83.0
696   1082838.371  1067609.771   1.317000  49.0  83.0
697   1082847.242  1062640.277   1.013000  43.0  95.0
698   1082849.365  1066843.980   2.578000  49.0  83.0
699   1082855.956  1068393.259   0.452000  49.0  26.0
700   1082858.997  1063341.831   0.286000  25.0  95.0
701   1082861.832  1064073.064   1.101000  25.0  73.0
702   1083004.265  1061935.234   0.130000  43.0  95.0
703   1083039.265  1061910.234   0.379000  43.0  95.0
704   1083039.692  1060059.179   0.198000  35.0  91.0
705   1083040.759  1068987.281   0.520000  17.0  26.0
706   1083060.585  1065612.952   0.259000  14.0   0.0
707   1083074.692  1060034.179   0.125000  35.0  91.0
708   1083093.425  1069649.431   0.538000  17.0  26.0
709   1083095.585  1065587.952   1.844000  14.0   0.0
710   1083139.627  1066877.460   0.331000  49.0  83.0
711   1083155.304  1060928.567   0.207000  35.0  91.0
712   1083172.955  1067151.956   0.525000  49.0  83.0
713   1083185.511  1060738.521   0.454000  35.0  91.0
714   1083189.861  1068448.866   0.202000  17.0  36.0
715   1083190.304  1060903.567   0.342000  35.0  91.0
716   1083195.449  1067367.224   1.492000  49.0  83.0
717   1083203.678  1063407.246   0.216000  25.0  95.0
718   1083205.326  1062717.561   0.985000  43.0  95.0
719   1083211.656  1064211.038   0.621000  25.0  73.0
720   1083218.641  1059959.803   0.370000  35.0  91.0
721   1083246.035  1061680.056   0.752000  15.0  14.0
722   1083259.171  1067018.526   0.657000  49.0  83.0
723   1083263.455  1060584.059   0.313000  35.0  91.0
724   1083276.882  1068869.862   0.349000  17.0  36.0
725   1083294.448  1068049.208   1.187000  49.0  83.0
726   1083303.530  1068638.632   0.113000  17.0  36.0
727   1083306.119  1060432.142   0.131000  35.0  91.0
728   1083341.119  1060407.142   0.500000  35.0  91.0
729   1083353.125  1059818.919   0.392000  35.0  91.0
730   1083371.764  1068277.426   0.643000  49.0  36.0
731   1083388.125  1059793.919   0.634000  35.0  91.0
732   1083398.199  1069714.557   2.807000  17.0  36.0
733   1083408.839  1065609.154   1.424000  14.0   0.0
734   1083416.361  1060240.896   0.643000  35.0  91.0
735   1083433.199  1069689.557   0.354000  17.0  36.0
736   1083450.488  1061049.140   0.118000  15.0  14.0
737   1083451.361  1060215.896   0.176000  35.0  91.0
738   1083458.006  1061202.478   0.211000  15.0  14.0
739   1083470.341  1061489.000   0.127000  15.0  14.0
740   1083486.040  1064116.987   0.867000  25.0  50.0
741   1083494.803  1068547.250   0.381000  17.0  36.0
742   1083529.632  1062743.330   1.221000  15.0  95.0
743   1083529.936  1069058.933   0.252000  17.0  36.0
744   1083542.002  1067614.705   2.346000  49.0  83.0
745   1083564.936  1069033.933   0.316000  17.0  36.0
746   1083578.158  1061960.417   0.186000  15.0  14.0
747   1083608.086  1069362.643   1.705000  17.0  36.0
748   1083613.158  1061935.417   0.142000  15.0  14.0
749   1083642.774  1060000.646   0.244000  35.0  91.0
750   1083643.086  1069337.643   0.280000  17.0  36.0
751   1083686.119  1068856.255   0.234000  17.0  36.0
752   1083687.446  1063765.143   0.603000  25.0  50.0
753   1083696.487  1064715.796   0.265000  25.0  50.0
754   1083696.677  1072613.322   0.162000  42.0  80.0
755   1083708.319  1062556.327   0.119000  15.0  95.0
756   1083713.475  1062246.293   0.132000  15.0  14.0
757   1083727.700  1064344.362   0.243000  25.0  50.0
758   1083728.025  1063041.863   0.306000  25.0  23.0
759   1083728.709  1065782.341   0.237000  14.0  11.0
760   1083731.487  1064690.796   0.170000  25.0  50.0
761   1083731.759  1061557.575   0.187000  15.0  14.0
762   1083732.514  1060991.149   0.148000  15.0  14.0
763   1083733.210  1061285.870   0.129000  15.0  14.0
764   1083737.931  1061814.164   0.151000  15.0  14.0
765   1083741.755  1060648.723   0.123000  35.0  91.0
766   1083763.709  1065757.341   1.896000  14.0  11.0
767   1083795.508  1070750.212   3.286000  42.0   4.0
768   1083797.474  1068678.232   0.322000  17.0  36.0
769   1083820.488  1067867.884   0.159000  49.0  83.0
770   1083830.508  1070725.212   0.114000  42.0   4.0
771   1083833.069  1069883.214   1.870000  17.0   4.0
772   1083868.069  1069858.214   0.872000  17.0   4.0
773   1083870.375  1061330.383   0.122000  15.0  14.0
774   1083873.145  1060982.959   0.125000  15.0  14.0
775   1083874.739  1060300.364   0.137000  40.0  91.0
776   1083896.516  1067066.623   0.240000   5.0  83.0
777   1083910.602  1062619.197   0.487000  15.0  23.0
778   1083935.848  1063345.909   0.502000  25.0  23.0
779   1083945.602  1062594.197   1.155000  15.0  23.0
780   1083953.054  1064109.710   0.746000  25.0  50.0
781   1083957.570  1064682.038   0.216000  25.0  50.0
782   1083979.969  1061886.330   0.146000  15.0  14.0
783   1083988.946  1071671.438   1.001000  42.0  80.0
784   1084003.750  1061445.413   0.109000  15.0  14.0
785   1084014.969  1061861.330   0.107000  15.0  14.0
786   1084023.946  1071646.438   0.529000  42.0  80.0
787   1084036.043  1065696.623   1.101000  14.0  11.0
788   1084069.158  1060440.739   0.548000  40.0  60.0
789   1084072.329  1060986.966   0.222000  15.0  14.0
790   1084090.554  1062089.310   0.137000  15.0  14.0
791   1084092.535  1060066.555   0.199000  40.0  60.0
792   1084112.286  1071309.180   0.182000  42.0  80.0
793   1084113.634  1072191.566   0.281000  42.0  80.0
794   1084127.499  1067052.894   0.815000   5.0  83.0
795   1084127.535  1060041.555   0.519000  40.0  60.0
796   1084129.016  1061736.439   0.114000  15.0  14.0
797   1084137.499  1061367.064   0.111000  15.0  14.0
798   1084147.286  1071284.180   0.320000  42.0  80.0
799   1084163.615  1072658.719   0.153000  42.0  80.0
800   1084175.264  1067752.832   0.367000   5.0  21.0
801   1084182.713  1070790.619   2.123000  42.0   4.0
802   1084198.615  1072633.719   1.168000  42.0  80.0
803   1084203.469  1071130.449   0.421000  42.0  80.0
804   1084206.000  1064976.626   0.266000  25.0  50.0
805   1084214.299  1069800.263   0.583000  48.0   4.0
806   1084217.713  1070765.619   0.262000  42.0   4.0
807   1084222.098  1064013.026   0.692000  25.0  50.0
808   1084223.540  1065903.855   0.549000  26.0  11.0
809   1084238.446  1062458.585   0.586000  15.0  23.0
810   1084238.469  1071105.449   0.135000  42.0  80.0
811   1084239.639  1063038.038   0.274000  25.0  23.0
812   1084241.000  1064951.626   0.463000  25.0  50.0
813   1084249.299  1069775.263   0.930000  48.0   4.0
814   1084249.771  1063384.371   0.228000  25.0  23.0
815   1084254.674  1064664.498   0.188000  25.0  50.0
816   1084270.322  1068518.486   3.388000  17.0  36.0
817   1084296.374  1067499.839   0.466000   5.0  21.0
818   1084305.322  1068493.486   1.593000  17.0  36.0
819   1084333.303  1061069.956   1.326000  15.0  14.0
820   1084333.970  1067612.626   1.828000   5.0  21.0
821   1084337.272  1059968.899   0.482000  40.0  60.0
822   1084356.526  1063634.276   0.124000  25.0  23.0
823   1084371.359  1071462.488   0.217000  42.0  80.0
824   1084372.272  1059943.899   1.180000  40.0  60.0
825   1084391.526  1063609.276   0.193000  25.0  23.0
826   1084395.961  1062103.366   0.140000  15.0  19.0
827   1084415.455  1070501.733   0.142000  42.0   4.0
828   1084428.664  1071331.712   0.118000  42.0  80.0
829   1084456.083  1063177.748   0.218000  25.0  23.0
830   1084458.489  1065842.460   0.941000  26.0  11.0
831   1084480.402  1067140.794   0.312000   5.0  21.0
832   1084491.083  1063152.748   0.542000  25.0  23.0
833   1084491.240  1069893.625   0.204000  48.0   4.0
834   1084491.430  1060498.937   0.290000  40.0  60.0
835   1084495.559  1064721.650   1.237000  25.0  50.0
836   1084515.402  1067115.794   0.421000   5.0  21.0
837   1084521.350  1071499.974   0.100000  42.0  80.0
838   1084526.240  1069868.625   1.084000  48.0   4.0
839   1084526.430  1060473.937   0.183000  40.0  60.0
840   1084530.559  1064696.650   0.302000  25.0  50.0
841   1084531.048  1060945.198   0.161000  40.0  60.0
842   1084531.567  1061419.102   0.128000  15.0  19.0
843   1084538.498  1062481.527   0.586000  15.0  23.0
844   1084548.492  1064047.421   3.028000  25.0  50.0
845   1084583.492  1064022.421   0.482000  25.0  50.0
846   1084651.001  1061773.093   0.142000  15.0  19.0
847   1084660.485  1060702.346   0.239000  40.0  60.0
848   1084660.661  1061309.550   0.161000  15.0  19.0
849   1084705.677  1069614.640   0.137000  48.0  53.0
850   1084705.783  1060350.297   0.127000  40.0  60.0
851   1084713.266  1062054.765   0.222000  15.0  19.0
852   1084732.918  1065535.144   0.172000  26.0  11.0
853   1084740.677  1069589.640   0.149000  48.0  53.0
854   1084749.038  1066795.187   0.170000   5.0  21.0
855   1084766.799  1064917.265   0.877000  26.0  88.0
856   1084767.918  1065510.144   0.934000  26.0  11.0
857   1084769.763  1073801.844   0.180000  30.0  42.0
858   1084786.198  1068768.799   0.428000  48.0  53.0
859   1084791.905  1069224.673   0.125000  48.0  53.0
860   1084797.838  1067940.612   0.152000   5.0  21.0
861   1084801.799  1064892.265   0.259000  26.0  88.0
862   1084817.170  1068244.661   0.156000   5.0  21.0
863   1084822.595  1066445.894   0.242000   5.0  11.0
864   1084829.781  1067265.797   0.847000   5.0  21.0
865   1084832.316  1069985.410   0.748000  48.0   4.0
866   1084839.398  1062549.119   0.411000  15.0  23.0
867   1084855.431  1062188.111   0.131000  15.0  19.0
868   1084855.704  1061192.830   1.209000  40.0  19.0
869   1084937.830  1067447.323   0.201000   5.0  21.0
870   1084947.533  1060014.747   0.868000  40.0  60.0
871   1084982.533  1059989.747   0.337000  40.0  60.0
872   1084985.050  1071298.431   0.264000  42.0  61.0
873   1085007.961  1065719.761   0.494000  26.0  11.0
874   1085009.706  1062052.066   0.239000  15.0  19.0
875   1085038.066  1063003.319   0.180000   2.0  23.0
876   1085041.343  1067791.086   1.194000   5.0  21.0
877   1085051.022  1061165.933   0.144000  40.0  19.0
878   1085071.588  1066570.614   0.287000   5.0  11.0
879   1085076.553  1068663.235   1.230000  48.0  53.0
880   1085081.198  1066987.340   0.324000   5.0  21.0
881   1085085.402  1071922.573   0.842000  42.0  61.0
882   1085086.022  1061140.933   1.435000  40.0  19.0
883   1085091.422  1072717.189   0.659000  42.0  61.0
884   1085098.353  1071639.349   0.750000  42.0  61.0
885   1085102.852  1072456.635   0.641000  42.0  61.0
886   1085116.584  1072192.879   0.724000  42.0  61.0
887   1085122.384  1071431.301   0.219000  42.0  61.0
888   1085133.448  1062559.432   0.248000   2.0  23.0
889   1085137.759  1062857.480   0.209000   2.0  23.0
890   1085146.072  1062261.055   0.189000  15.0  19.0
891   1085152.984  1069501.238   0.100000  48.0  53.0
892   1085156.354  1070013.438   0.454000  48.0  53.0
893   1085162.095  1067721.183   0.389000   5.0  21.0
894   1085164.741  1060204.277   0.352000  40.0   3.0
895   1085168.754  1067422.500   0.182000   5.0  21.0
896   1085199.589  1065542.352   3.043000  26.0  11.0
897   1085199.741  1060179.277   0.139000  40.0   3.0
898   1085234.269  1066159.081   0.290000  26.0  11.0
899   1085234.589  1065517.352   0.309000  26.0  11.0
900   1085250.713  1064366.703   3.768000  26.0  88.0
901   1085255.886  1073296.468   0.456000  30.0  42.0
902   1085256.196  1072987.579   0.424000  42.0  42.0
903   1085262.694  1069740.451   0.736000  48.0  53.0
904   1085280.234  1060304.862   0.532000  40.0   3.0
905   1085282.073  1064957.264   0.224000  26.0  88.0
906   1085290.679  1060616.481   0.343000  40.0   3.0
907   1085297.694  1069715.451   1.152000  48.0  53.0
908   1085344.521  1069022.105   0.272000  48.0  53.0
909   1085344.585  1066651.891   0.679000   5.0  21.0
910   1085353.632  1065856.686   0.100000  26.0  11.0
911   1085368.789  1067388.117   0.290000   5.0  21.0
912   1085374.547  1068277.291   0.529000   5.0  21.0
913   1085377.758  1070011.532   0.107000  48.0  53.0
914   1085403.964  1073983.210   0.231000  30.0  42.0
915   1085406.940  1067691.943   0.339000   5.0  21.0
916   1085409.547  1068252.291   0.803000   5.0  21.0
917   1085413.890  1074225.572   0.110000  30.0  42.0
918   1085447.681  1062278.966   0.300000   2.0  54.0
919   1085465.088  1068934.116   0.142000  48.0  53.0
920   1085475.103  1061467.407   0.432000  40.0  19.0
921   1085479.524  1065042.550   0.150000  26.0  88.0
922   1085487.174  1065487.008   0.419000  26.0  88.0
923   1085508.587  1068010.272   0.743000   5.0  21.0
924   1085510.103  1061442.407   1.115000  40.0  19.0
925   1085516.563  1065868.921   0.208000  26.0  11.0
926   1085518.903  1060013.062   0.208000  40.0   3.0
927   1085550.747  1062757.625   0.299000   2.0  54.0
928   1085553.903  1059988.062   0.469000  40.0   3.0
929   1085577.180  1069125.606   0.154000  48.0  53.0
930   1085599.278  1065118.535   0.184000  26.0  88.0
931   1085615.122  1074431.272   0.168000  30.0  42.0
932   1085621.101  1074128.883   0.198000  30.0  42.0
933   1085628.080  1062369.027   0.136000   2.0  54.0
934   1085646.911  1062141.701   0.109000   2.0  54.0
935   1085650.513  1070260.871   0.496000  48.0  53.0
936   1085652.955  1060627.704   0.125000  40.0   3.0
937   1085682.424  1064825.766   1.006000  26.0  88.0
938   1085682.666  1070911.105   0.592000   8.0  87.0
939   1085687.955  1060602.704   0.917000  40.0   3.0
940   1085696.808  1062014.396   0.115000   2.0  54.0
941   1085704.663  1069474.105   0.888000  48.0  53.0
942   1085717.424  1064800.766   0.360000  26.0  88.0
943   1085724.808  1065452.505   0.153000  26.0  88.0
944   1085823.050  1065180.543   0.217000  26.0  88.0
945   1085828.608  1062337.337   0.228000   2.0  54.0
946   1085832.889  1062702.201   0.219000   2.0  54.0
947   1085833.502  1061509.223   0.840000  10.0  19.0
948   1085874.698  1069799.806   0.335000  48.0  53.0
949   1085878.487  1067551.050   0.559000   5.0  78.0
950   1085883.919  1063376.368   7.617000   2.0  54.0
951   1085884.210  1072923.314   0.326000  41.0  29.0
952   1085912.013  1073944.049   0.347000  30.0  42.0
953   1085918.919  1063351.368   0.852000   2.0  54.0
954   1085949.226  1065998.457   0.478000  26.0  89.0
955   1085951.207  1069121.961   0.338000  48.0  53.0
956   1085958.926  1074345.123   0.205000  30.0  42.0
957   1085964.231  1074181.027   0.194000  30.0  42.0
958   1085966.431  1070263.488   0.272000   8.0  18.0
959   1085968.832  1066630.442   0.276000  13.0  89.0
960   1085986.854  1073211.409   0.478000  30.0  42.0
961   1085989.299  1075042.945   5.446000  30.0  62.0
962   1086003.832  1066605.442   0.755000  13.0  89.0
963   1086013.414  1067895.181   0.170000   5.0  78.0
964   1086024.299  1075017.945   1.881000  30.0  62.0
965   1086027.577  1061221.682   0.125000  10.0  99.0
966   1086027.743  1060066.933   0.269000  40.0   3.0
967   1086036.683  1075889.917   6.892000  19.0  70.0
968   1086039.795  1068503.198   0.942000   0.0  59.0
969   1086041.131  1066933.265   0.413000  13.0  78.0
970   1086044.317  1061927.662   0.103000   2.0  54.0
971   1086046.597  1060707.568   0.733000  10.0  99.0
972   1086047.303  1066349.595   0.153000  13.0  89.0
973   1086048.414  1067870.181   0.938000   5.0  78.0
974   1086053.192  1067248.146   0.471000  13.0  78.0
975   1086062.743  1060041.933   1.945000  40.0   3.0
976   1086070.497  1076640.590   4.538000  19.0  70.0
977   1086071.683  1075864.917   4.357000  19.0  70.0
978   1086076.131  1066908.265   0.999000  13.0  78.0
979   1086082.303  1066324.595   1.008000  13.0  89.0
980   1086088.192  1067223.146   1.013000  13.0  78.0
981   1086091.889  1074508.828   0.152000  30.0   5.0
982   1086096.431  1062609.363   0.312000   2.0  54.0
983   1086098.428  1065008.074   0.258000  26.0  88.0
984   1086105.497  1076615.590   1.611000  19.0  70.0
985   1086113.239  1074612.893   0.150000  30.0   5.0
986   1086122.665  1071334.834   0.273000   8.0  87.0
987   1086133.428  1064983.074   0.282000  26.0  88.0
988   1086146.581  1072581.487   0.662000  41.0  29.0
989   1086147.941  1070745.491   0.354000   8.0  18.0
990   1086151.722  1072233.998   0.653000  41.0  87.0
991   1086157.665  1071309.834   0.315000   8.0  87.0
992   1086168.078  1071651.277   0.606000   8.0  87.0
993   1086182.941  1070720.491   1.192000   8.0  18.0
994   1086183.470  1065718.413   0.769000  26.0  89.0
995   1086199.742  1071141.330   0.396000   8.0  87.0
996   1086200.035  1062192.038   0.185000   2.0  54.0
997   1086200.128  1070211.975   0.236000   8.0  18.0
998   1086201.422  1071483.165   0.305000   8.0  87.0
999   1086214.828  1071989.236   0.198000  41.0  87.0
1000  1086220.142  1064635.879   0.309000  33.0  20.0
1001  1086225.199  1068861.960   0.184000   0.0  59.0
1002  1086232.040  1062018.496   0.107000   2.0  54.0
1003  1086234.742  1071116.330   0.725000   8.0  87.0
1004  1086236.422  1071458.165   0.517000   8.0  87.0
1005  1086237.550  1064357.122   0.205000  33.0  20.0
1006  1086249.828  1071964.236   0.941000  41.0  87.0
1007  1086260.199  1068836.960   0.989000   0.0  59.0
1008  1086272.550  1064332.122   0.289000  33.0  20.0
1009  1086276.711  1070481.219   0.145000   8.0  18.0
1010  1086297.292  1060782.126   0.158000  10.0  99.0
1011  1086301.478  1065432.241   0.381000  26.0  89.0
1012  1086307.614  1069682.810   0.383000   0.0  18.0
1013  1086311.711  1070456.219   0.151000   8.0  18.0
1014  1086331.043  1061308.676   0.471000  10.0  99.0
1015  1086332.292  1060757.126   0.702000  10.0  99.0
1016  1086336.478  1065407.241   0.918000  26.0  89.0
1017  1086339.273  1070076.127   0.159000   8.0  18.0
1018  1086350.619  1072870.274   0.359000  41.0  29.0
1019  1086356.360  1061663.704   0.485000  10.0  33.0
1020  1086366.043  1061283.676   0.361000  10.0  99.0
1021  1086368.317  1062336.278   0.241000   2.0  54.0
1022  1086372.475  1074260.484   0.213000  30.0   5.0
1023  1086373.610  1062707.698   0.203000   2.0  54.0
1024  1086391.973  1073937.183   0.402000  30.0   5.0
1025  1086393.019  1074528.061   0.388000  30.0   5.0
1026  1086399.623  1063603.050   0.740000   2.0  46.0
1027  1086404.345  1069121.949   0.251000   0.0  59.0
1028  1086407.475  1074235.484   0.287000  30.0   5.0
1029  1086418.181  1067586.210   0.445000  13.0  78.0
1030  1086426.973  1073912.183   0.532000  30.0   5.0
1031  1086428.019  1074503.061   0.190000  30.0   5.0
1032  1086431.561  1069493.957   0.156000   0.0  34.0
1033  1086434.623  1063578.050   0.259000   2.0  46.0
1034  1086449.582  1063991.167   1.608000  33.0  46.0
1035  1086450.291  1061209.191   0.196000  10.0  99.0
1036  1086453.181  1067561.210   0.431000  13.0  78.0
1037  1086453.377  1068419.735   4.422000   0.0  59.0
1038  1086457.321  1073148.794   0.241000  41.0  29.0
1039  1086457.418  1066079.433   0.225000  13.0  89.0
1040  1086466.561  1069468.957   0.448000   0.0  34.0
1041  1086470.868  1064945.601   0.409000  33.0  20.0
1042  1086484.582  1063966.167   0.885000  33.0  46.0
1043  1086485.291  1061184.191   0.176000  10.0  99.0
1044  1086492.418  1066054.433   0.380000  13.0  89.0
1045  1086493.008  1070608.016   0.158000   8.0  18.0
1046  1086502.836  1068266.630   0.325000   0.0  59.0
1047  1086504.418  1070415.562   0.499000   8.0  18.0
1048  1086505.868  1064920.601   0.506000  33.0  20.0
1049  1086518.025  1063312.688   0.344000   2.0  46.0
1050  1086528.008  1070583.016   0.116000   8.0  18.0
1051  1086537.836  1068241.630   0.919000   0.0  59.0
1052  1086539.418  1070390.562   0.362000   8.0  18.0
1053  1086550.891  1062208.720   0.258000   2.0  33.0
1054  1086551.029  1061182.669   0.138000  10.0  99.0
1055  1086553.025  1063287.688   0.234000   2.0  46.0
1056  1086553.500  1059957.559   0.404000  10.0  99.0
1057  1086558.955  1067790.668   0.224000  13.0  78.0
1058  1086561.205  1072398.456   0.101000  41.0  29.0
1059  1086563.547  1060960.234   0.130000  10.0  99.0
1060  1086569.024  1060482.320   0.210000  10.0  99.0
1061  1086578.781  1074421.020   0.415000  30.0   5.0
1062  1086586.029  1061157.669   0.126000  10.0  99.0
1063  1086595.063  1067420.362   0.109000  13.0  78.0
1064  1086596.205  1072373.456   0.188000  41.0  29.0
1065  1086601.153  1069906.355   0.328000   8.0  18.0
1066  1086604.881  1062630.173   0.248000   2.0  54.0
1067  1086606.312  1061515.667   0.593000  10.0  33.0
1068  1086613.781  1074396.020   0.208000  30.0   5.0
1069  1086628.083  1065204.911   0.261000  33.0  20.0
1070  1086632.119  1072726.531   0.208000  41.0  29.0
1071  1086632.484  1069301.799   0.381000   0.0  34.0
1072  1086636.153  1069881.355   0.307000   8.0  18.0
1073  1086639.435  1073003.350   0.134000  41.0  29.0
1074  1086639.881  1062605.173   0.501000   2.0  54.0
1075  1086641.312  1061490.667   0.188000  10.0  33.0
1076  1086645.329  1060750.948   0.246000  10.0  99.0
1077  1086645.502  1064493.388   0.320000  33.0  20.0
1078  1086655.083  1070196.013   0.287000   8.0  18.0
1079  1086663.083  1065179.911   0.412000  33.0  20.0
1080  1086667.119  1072701.531   0.310000  41.0  29.0
1081  1086667.484  1069276.799   0.389000   0.0  34.0
1082  1086674.435  1072978.350   0.287000  41.0  29.0
1083  1086675.273  1063127.367   0.141000   2.0  46.0
1084  1086682.958  1064830.000   0.153000  33.0  20.0
1085  1086683.294  1068057.602   0.852000   0.0  78.0
1086  1086684.608  1061951.532   0.261000  10.0  33.0
1087  1086689.487  1071819.142   0.468000  41.0  87.0
1088  1086689.825  1073285.644   0.355000  41.0  29.0
1089  1086690.083  1070171.013   0.298000   8.0  18.0
1090  1086697.349  1070791.323   0.447000   8.0  18.0
1091  1086697.488  1066349.617   0.357000  13.0  89.0
1092  1086704.995  1061184.436   0.154000  10.0  99.0
1093  1086706.850  1066696.108   0.160000  13.0  28.0
1094  1086709.953  1060963.432   0.122000  10.0  99.0
1095  1086710.273  1063102.367   0.101000   2.0  46.0
1096  1086713.017  1066929.570   0.293000  13.0  28.0
1097  1086715.547  1062205.346   0.392000   2.0  33.0
1098  1086716.952  1066055.247   0.423000  13.0  89.0
1099  1086717.958  1064805.000   0.175000  33.0  20.0
1100  1086718.294  1068032.602   0.401000   0.0  78.0
1101  1086718.652  1061722.174   0.747000  10.0  33.0
1102  1086719.608  1061926.532   0.279000  10.0  33.0
1103  1086724.487  1071794.142   0.374000  41.0  87.0
1104  1086728.250  1060093.544   0.260000  10.0  99.0
1105  1086732.349  1070766.323   0.432000   8.0  18.0
1106  1086732.488  1066324.617   0.134000  13.0  89.0
1107  1086732.851  1067379.094   1.024000  13.0  78.0
1108  1086743.486  1068727.475   0.306000   0.0  59.0
1109  1086748.017  1066904.570   0.128000  13.0  28.0
1110  1086750.547  1062180.346   0.123000   2.0  33.0
1111  1086751.952  1066030.247   0.130000  13.0  89.0
1112  1086753.652  1061697.174   0.220000  10.0  33.0
1113  1086754.880  1071279.887   0.128000   8.0  87.0
1114  1086767.851  1067354.094   0.374000  13.0  78.0
1115  1086778.486  1068702.475   0.313000   0.0  59.0
1116  1086798.018  1067674.720   0.167000  13.0  78.0
1117  1086805.410  1074076.243   0.338000  30.0   5.0
1118  1086805.577  1061348.646   0.182000  10.0  33.0
1119  1086820.045  1064312.863   0.153000  33.0  20.0
1120  1086824.591  1069081.080   0.172000   0.0  34.0
1121  1086833.018  1067649.720   0.179000  13.0  78.0
1122  1086859.591  1069056.080   0.197000   0.0  34.0
1123  1086865.314  1067953.572   0.170000   0.0  78.0
1124  1086868.777  1060553.014   0.264000  10.0  99.0
1125  1086869.928  1061568.072   0.414000  10.0  33.0
1126  1086903.777  1060528.014   0.477000  10.0  99.0
1127  1086904.928  1061543.072   0.329000  10.0  33.0
1128  1086906.304  1065423.388   0.324000  33.0  20.0
1129  1086907.499  1074343.522   0.310000  30.0   5.0
1130  1086932.728  1064632.681   0.148000  33.0  20.0
1131  1086941.304  1065398.388   0.662000  33.0  20.0
1132  1086942.499  1074318.522   0.461000  30.0   5.0
1133  1086949.656  1060378.396   0.170000  10.0  99.0
1134  1086962.356  1075388.803  10.362000  19.0  62.0
1135  1086962.997  1063951.490   0.555000  33.0  46.0
1136  1086966.292  1067342.218   0.120000  13.0  28.0
1137  1086967.728  1064607.681   0.440000  33.0  20.0
1138  1086972.498  1060791.577   0.175000  10.0  99.0
1139  1086975.545  1071730.967   0.116000  41.0  56.0
1140  1086983.683  1072368.141   0.392000  41.0  29.0
1141  1086984.656  1060353.396   0.226000  10.0  99.0
1142  1086990.358  1071453.208   0.494000   8.0  56.0
1143  1086993.919  1062499.923   0.414000   2.0  33.0
1144  1086997.356  1075363.803   1.659000  19.0  62.0
1145  1086998.962  1071170.884   0.408000   8.0  56.0
1146  1087003.253  1074570.588   0.502000  30.0   5.0
1147  1087008.687  1070817.020   0.271000   8.0  18.0
1148  1087018.482  1061376.432   0.227000  10.0  33.0
1149  1087025.104  1062901.632   0.230000   2.0  46.0
1150  1087028.919  1062474.923   0.311000   2.0  33.0
1151  1087033.962  1071145.884   0.679000   8.0  56.0
1152  1087034.038  1073788.314   0.308000  30.0   5.0
1153  1087043.009  1063029.872   0.151000   2.0  46.0
1154  1087044.917  1072864.876   0.265000  41.0  29.0
1155  1087052.715  1063248.241   0.610000   2.0  46.0
1156  1087060.104  1062876.632   0.328000   2.0  46.0
1157  1087062.847  1061932.552   0.183000  10.0  33.0
1158  1087069.038  1073763.314   0.733000  30.0   5.0
1159  1087070.277  1072054.043   0.140000  41.0  56.0
1160  1087078.009  1063004.872   0.248000   2.0  46.0
1161  1087079.917  1072839.876   0.471000  41.0  29.0
1162  1087084.752  1066730.012   0.179000  13.0  28.0
1163  1087088.001  1069526.526   0.668000   0.0  34.0
1164  1087089.266  1072565.447   0.436000  41.0  29.0
1165  1087091.081  1073124.111   0.491000  41.0  29.0
1166  1087091.628  1064949.915   0.543000  33.0  20.0
1167  1087092.549  1070754.904   0.461000   8.0  18.0
1168  1087097.847  1061907.552   0.276000  10.0  33.0
1169  1087105.277  1072029.043   0.547000  41.0  56.0
1170  1087110.884  1063511.327   0.533000   2.0  46.0
1171  1087115.704  1067007.915   0.156000  13.0  28.0
1172  1087116.336  1070529.290   0.417000   8.0  18.0
1173  1087117.978  1066413.435   0.275000  13.0  28.0
1174  1087119.752  1066705.012   0.280000  13.0  28.0
1175  1087125.203  1073453.707   0.699000  41.0  29.0
1176  1087126.628  1064924.915   0.386000  33.0  20.0
1177  1087127.549  1070729.904   0.695000   8.0  18.0
1178  1087127.554  1069232.243   0.321000   0.0  34.0
1179  1087131.330  1069356.983   0.142000   0.0  34.0
1180  1087137.300  1066836.701   0.219000  13.0  28.0
1181  1087140.360  1070075.600   0.461000   8.0  18.0
1182  1087143.925  1066113.453   0.240000  13.0  72.0
1183  1087149.197  1065623.258   0.373000  33.0  72.0
1184  1087150.704  1066982.915   0.287000  13.0  28.0
1185  1087152.651  1069789.835   0.617000   0.0  34.0
1186  1087157.322  1066261.897   0.346000  13.0  28.0
1187  1087158.584  1070337.959   0.267000   8.0  18.0
1188  1087158.693  1067132.427   0.348000  13.0  28.0
1189  1087163.830  1066560.127   0.299000  13.0  28.0
1190  1087166.330  1069331.983   0.296000   0.0  34.0
1191  1087175.360  1070050.600   0.611000   8.0  18.0
1192  1087184.197  1065598.258   1.248000  33.0  72.0
1193  1087193.584  1070312.959   0.511000   8.0  18.0
1194  1087207.747  1074028.598   0.472000  30.0   5.0
1195  1087208.363  1067924.795   0.331000   0.0  78.0
1196  1087210.172  1063714.381   0.175000  33.0  46.0
1197  1087213.034  1068232.543   0.490000   0.0  59.0
1198  1087214.812  1064017.785   0.254000  33.0  46.0
1199  1087216.675  1076227.015   0.202000  19.0  62.0
1200  1087219.689  1064535.067   0.207000  33.0  20.0
1201  1087227.449  1068521.609   0.685000   0.0  59.0
1202  1087230.556  1064764.768   0.101000  33.0  20.0
1203  1087231.182  1069048.280   0.308000   0.0  34.0
1204  1087249.946  1067657.097   0.701000  13.0  78.0
1205  1087254.020  1071739.508   0.302000  41.0  56.0
1206  1087254.884  1072235.935   0.118000  41.0  56.0
1207  1087263.463  1061717.137   0.276000  10.0  33.0
1208  1087271.856  1060705.170   0.226000  10.0  99.0
1209  1087297.749  1074282.082   0.142000  30.0   5.0
1210  1087298.463  1061692.137   0.261000  10.0  15.0
1211  1087349.064  1067375.190   0.438000  13.0  28.0
1212  1087353.972  1064320.151   0.204000  33.0  64.0
1213  1087375.920  1061970.464   0.199000  10.0  15.0
1214  1087392.221  1062446.394   0.385000   2.0  33.0
1215  1087406.965  1061744.681   0.246000  10.0  15.0
1216  1087416.016  1061363.252   0.340000  10.0  15.0
1217  1087438.692  1065295.052   0.110000  33.0  72.0
1218  1087441.965  1061719.681   0.113000  10.0  15.0
1219  1087442.597  1071591.459   0.169000  47.0  56.0
1220  1087478.012  1064706.817   0.276000  33.0  64.0
1221  1087482.573  1064117.987   0.280000  33.0  64.0
1222  1087502.949  1071203.770   0.159000  47.0  56.0
1223  1087512.680  1065459.398   0.370000  33.0  72.0
1224  1087513.081  1068809.856   2.051000   0.0  34.0
1225  1087531.610  1060052.534   0.116000  10.0  79.0
1226  1087536.970  1069165.562   0.188000   0.0  34.0
1227  1087539.761  1069648.355   0.163000   0.0  34.0
1228  1087544.793  1061644.185   0.167000  10.0  15.0
1229  1087547.680  1065434.398   0.488000  33.0  72.0
1230  1087549.323  1063116.403   0.175000  39.0  86.0
1231  1087554.042  1063360.536   0.167000  39.0  86.0
1232  1087559.626  1061918.215   0.150000  10.0  15.0
1233  1087560.570  1060854.175   0.809000  10.0  79.0
1234  1087574.954  1063634.477   0.234000  39.0  46.0
1235  1087579.793  1061619.185   0.227000  10.0  15.0
1236  1087583.450  1070791.024   0.591000  47.0  90.0
1237  1087596.702  1060295.308   0.102000  10.0  79.0
1238  1087631.702  1060270.308   0.741000  10.0  79.0
1239  1087654.580  1068176.049   0.402000   0.0   2.0
1240  1087662.991  1062434.419   0.481000  39.0  86.0
1241  1087673.393  1069067.850   0.119000   0.0  34.0
1242  1087678.129  1061820.679   0.120000  10.0  15.0
1243  1087689.213  1064199.578   0.125000  33.0  64.0
1244  1087693.144  1064952.873   0.153000  33.0  64.0
1245  1087695.788  1067569.532   0.121000  13.0   2.0
1246  1087699.586  1067655.646   0.144000  13.0   2.0
1247  1087699.589  1062887.783   0.187000  39.0  86.0
1248  1087722.835  1071535.457   0.647000  47.0  56.0
1249  1087724.213  1064174.578   0.863000  33.0  64.0
1250  1087728.144  1064927.873   0.307000  33.0  64.0
1251  1087728.816  1063009.609   0.108000  39.0  86.0
1252  1087742.049  1071132.408   0.335000  47.0  90.0
1253  1087776.072  1066981.771   0.188000  13.0   2.0
1254  1087789.396  1066117.237   0.162000  13.0  72.0
1255  1087790.424  1066417.660   0.175000  13.0  72.0
1256  1087791.085  1066576.310   0.355000  13.0  72.0
1257  1087793.343  1066703.914   0.169000  13.0   2.0
1258  1087795.723  1067119.301   0.240000  13.0   2.0
1259  1087798.494  1066838.868   0.158000  13.0   2.0
1260  1087803.444  1065397.406   0.649000  33.0  72.0
1261  1087814.225  1060900.865   0.749000  10.0  79.0
1262  1087822.283  1061872.450   0.634000  10.0  15.0
1263  1087837.904  1063328.517   0.181000  39.0  86.0
1264  1087842.970  1065954.153   0.669000  13.0  72.0
1265  1087844.639  1062059.391   0.168000  39.0  15.0
1266  1087844.758  1072574.216   0.686000  41.0  84.0
1267  1087857.283  1061847.450   0.211000  10.0  15.0
1268  1087866.313  1061487.550   0.372000  10.0  15.0
1269  1087884.367  1074574.516   0.904000  27.0   5.0
1270  1087886.938  1066344.857   0.477000  13.0  72.0
1271  1087891.943  1071784.415   0.859000  47.0  56.0
1272  1087926.672  1062410.778   0.245000  39.0  86.0
1273  1087927.668  1073136.210   0.940000  41.0  84.0
1274  1087940.990  1074290.377   0.942000  27.0   5.0
1275  1087947.169  1064051.210   0.442000  33.0  64.0
1276  1087949.156  1072849.081   0.916000  41.0  84.0
1277  1087955.470  1062754.958   0.182000  39.0  86.0
1278  1087964.483  1063102.663   0.170000  39.0  86.0
1279  1087973.527  1074003.965   0.766000  27.0   5.0
1280  1087982.169  1064026.210   0.772000  33.0  64.0
1281  1087985.011  1064710.848   0.180000  33.0  64.0
1282  1087987.693  1070359.449   0.911000  47.0  90.0
1283  1087990.899  1073434.167   0.863000  27.0  84.0
1284  1087993.849  1073735.036   0.786000  27.0  84.0
1285  1088020.963  1069799.797   0.732000   0.0  75.0
1286  1088029.981  1069513.966   0.626000   0.0  75.0
1287  1088041.735  1070067.918   0.733000  47.0  90.0
1288  1088059.788  1061526.281   0.134000  10.0  15.0
1289  1088061.351  1070617.209   0.722000  47.0  90.0
1290  1088071.759  1061793.387   0.310000  39.0  15.0
1291  1088074.230  1072288.105   1.142000  47.0  84.0
1292  1088082.862  1060867.993   0.733000  34.0  79.0
1293  1088105.118  1065403.992   0.412000  33.0  72.0
1294  1088136.285  1071318.130   0.676000  47.0  90.0
1295  1088139.460  1062580.618   0.217000  39.0  86.0
1296  1088140.118  1065378.992   0.703000  33.0  72.0
1297  1088152.718  1069287.169   0.895000   0.0  75.0
1298  1088162.748  1072045.863   1.446000  47.0  84.0
1299  1088174.460  1062555.618   0.638000  39.0  86.0
1300  1088176.014  1064951.718   0.227000  33.0  64.0
1301  1088189.258  1063099.946   0.271000  39.0  86.0
1302  1088202.787  1063389.634   0.140000  39.0  86.0
1303  1088210.408  1070872.404   0.464000  47.0  90.0
1304  1088210.565  1071109.189   0.669000  47.0  90.0
1305  1088211.014  1064926.718   0.418000  33.0  64.0
1306  1088214.707  1063581.244   0.104000  39.0  86.0
1307  1088230.111  1061404.303   0.171000  34.0  15.0
1308  1088231.710  1063832.010   0.134000  39.0  64.0
1309  1088235.936  1064381.637   0.505000  33.0  64.0
1310  1088240.068  1062131.775   0.172000  39.0  85.0
1311  1088244.609  1067557.334   0.111000  16.0   2.0
1312  1088253.945  1069040.948   0.675000   0.0  75.0
1313  1088279.609  1067532.334   0.554000  16.0   2.0
1314  1088293.454  1067663.429   0.393000  16.0   2.0
1315  1088336.801  1060241.449   0.147000  34.0  79.0
1316  1088338.592  1066973.559   0.386000  16.0   2.0
1317  1088371.801  1060216.449   0.669000  34.0  79.0
1318  1088382.385  1062828.235   0.600000  39.0  86.0
1319  1088382.855  1060909.956   0.793000  34.0  79.0
1320  1088385.979  1061582.962   0.103000  34.0  15.0
1321  1088396.514  1061926.727   0.342000  39.0  85.0
1322  1088399.544  1072583.316   0.188000  47.0  84.0
1323  1088417.385  1062803.235   0.156000  39.0  86.0
1324  1088417.913  1066708.742   0.190000  16.0   2.0
1325  1088419.321  1062515.856   0.928000  39.0  85.0
1326  1088430.674  1065935.378   1.066000  18.0  72.0
1327  1088430.685  1071713.011   0.557000  47.0  90.0
1328  1088436.911  1066844.966   0.221000  16.0   2.0
1329  1088453.792  1067121.964   0.315000  16.0   2.0
1330  1088454.321  1062490.856   0.329000  39.0  85.0
1331  1088475.102  1063215.348   2.078000  39.0  86.0
1332  1088488.486  1063544.826   0.176000  39.0  86.0
1333  1088492.842  1064308.181   0.792000  18.0  64.0
1334  1088510.102  1063190.348   0.142000  39.0  86.0
1335  1088573.331  1064977.558   0.230000  18.0  93.0
1336  1088586.454  1062310.339   0.497000  39.0  85.0
1337  1088587.292  1068051.200   5.485000  16.0   2.0
1338  1088598.194  1061907.225   0.310000  39.0  85.0
1339  1088608.331  1064952.558   0.118000  18.0  93.0
1340  1088621.454  1062285.339   0.234000  39.0  85.0
1341  1088622.292  1068026.200   2.411000  16.0   2.0
1342  1088643.513  1062620.760   0.159000  39.0  85.0
1343  1088645.420  1067355.468   1.833000  16.0   2.0
1344  1088657.867  1071092.836   0.139000  47.0  90.0
1345  1088680.420  1067330.468   1.126000  16.0   2.0
1346  1088688.735  1068546.071   1.886000  16.0  75.0
1347  1088693.389  1065226.483   0.271000  18.0  93.0
1348  1088700.270  1064903.658   0.109000  18.0  93.0
1349  1088705.152  1065672.228   0.178000  18.0  93.0
1350  1088710.386  1066293.108   0.445000  16.0  71.0
1351  1088720.462  1070504.100   0.469000  47.0  90.0
1352  1088723.735  1068521.071   1.915000  16.0  75.0
1353  1088729.371  1063869.474   0.530000  39.0  13.0
1354  1088735.270  1064878.658   0.114000  18.0  93.0
1355  1088736.894  1060878.531   0.664000  34.0  79.0
1356  1088738.586  1061498.144   0.220000  34.0  85.0
1357  1088738.898  1064406.664   0.261000  18.0  93.0
1358  1088742.018  1064723.533   0.103000  18.0  93.0
1359  1088746.362  1060018.542   0.200000  34.0  79.0
1360  1088778.543  1072556.177   0.227000  11.0  84.0
1361  1088793.650  1062724.516   2.011000  39.0  85.0
1362  1088794.328  1069187.161   0.114000  38.0  75.0
1363  1088821.472  1060325.688   0.141000  34.0  79.0
1364  1088828.650  1062699.516   0.487000  39.0  85.0
1365  1088841.573  1072394.105   0.502000  11.0  84.0
1366  1088847.897  1065297.672   0.125000  18.0  93.0
1367  1088849.452  1068807.159   4.757000  38.0  75.0
1368  1088867.858  1071727.950   0.923000  47.0  24.0
1369  1088868.005  1066297.052   0.112000  16.0  71.0
1370  1088872.916  1074299.341   0.394000  27.0  44.0
1371  1088892.386  1074593.272   0.336000  27.0  44.0
1372  1088900.939  1073994.269   0.693000  27.0  44.0
1373  1088902.858  1071702.950   1.419000  47.0  24.0
1374  1088904.708  1064937.644   0.208000  18.0  93.0
1375  1088906.135  1073428.430   0.718000  27.0  44.0
1376  1088907.916  1074274.341   0.646000  27.0  44.0
1377  1088910.013  1073118.732   0.621000  27.0  84.0
1378  1088911.298  1072836.135   0.670000  11.0  84.0
1379  1088919.296  1063949.595   0.181000  39.0  13.0
1380  1088923.117  1065091.864   0.126000  18.0  93.0
1381  1088924.990  1064528.227   0.213000  18.0  93.0
1382  1088927.386  1074568.272   0.698000  27.0  44.0
1383  1088927.743  1073720.817   0.645000  27.0  44.0
1384  1088952.922  1063181.416   0.212000  39.0  13.0
1385  1088987.406  1063530.907   0.184000  39.0  13.0
1386  1089016.856  1071491.031   0.185000  47.0  24.0
1387  1089018.132  1062866.508   0.220000  39.0  13.0
1388  1089022.927  1070769.857   0.828000  47.0  90.0
1389  1089070.016  1061772.608   0.236000  12.0  85.0
1390  1089075.010  1063886.998   0.294000  39.0  13.0
1391  1089077.926  1062055.943   0.146000  12.0  85.0
1392  1089082.086  1062292.103   0.133000  12.0  85.0
1393  1089091.208  1065969.008   0.952000  18.0  71.0
1394  1089101.957  1069521.541   1.077000  38.0  75.0
1395  1089106.006  1064477.482   0.141000  18.0  93.0
1396  1089108.432  1069795.699   0.824000  38.0  75.0
1397  1089122.639  1062716.607   0.380000  39.0  85.0
1398  1089131.408  1070062.663   0.825000  38.0  94.0
1399  1089139.523  1059965.954   0.275000  34.0  40.0
1400  1089147.328  1064901.955   0.118000  18.0  93.0
1401  1089148.495  1072555.508   0.275000  11.0  12.0
1402  1089150.417  1066897.511   0.830000  16.0  71.0
1403  1089182.328  1064876.955   0.168000  18.0  93.0
1404  1089185.414  1062975.804   0.114000  39.0  13.0
1405  1089185.417  1066872.511   0.465000  16.0  71.0
1406  1089201.993  1060223.173   0.300000  34.0  40.0
1407  1089204.774  1065213.203   0.227000  18.0  93.0
1408  1089212.867  1067574.942   0.223000  16.0  43.0
1409  1089220.414  1062950.804   0.216000  39.0  13.0
1410  1089247.867  1067549.942   0.349000  16.0  43.0
1411  1089257.027  1063512.279   0.179000  39.0  13.0
1412  1089266.793  1063250.705   0.192000  39.0  13.0
1413  1089270.628  1066711.894   0.264000  16.0  71.0
1414  1089283.719  1067686.674   0.440000  16.0  43.0
1415  1089284.600  1061230.075   0.489000  34.0  40.0
1416  1089296.131  1067005.153   0.576000  16.0  71.0
1417  1089318.808  1061873.740   0.232000  12.0  69.0
1418  1089332.123  1060698.070   0.514000  34.0  40.0
1419  1089333.347  1062362.309   0.536000  12.0  85.0
1420  1089367.631  1073609.541   0.854000  27.0  44.0
1421  1089368.530  1063861.259   0.541000  18.0  13.0
1422  1089373.237  1071677.436   0.166000  11.0  24.0
1423  1089374.360  1070974.083   0.773000  47.0  24.0
1424  1089396.790  1064950.608   0.112000  18.0  93.0
1425  1089408.431  1064391.428   0.335000  18.0  93.0
1426  1089415.516  1064771.967   0.132000  18.0  93.0
1427  1089419.071  1065953.131   0.987000  18.0  71.0
1428  1089459.610  1060350.247   0.107000  34.0  40.0
1429  1089469.290  1061688.158   0.126000  12.0  69.0
1430  1089504.624  1065172.857   0.220000  18.0  93.0
1431  1089505.416  1071914.044   0.274000  11.0  24.0
1432  1089506.163  1060135.749   0.108000  34.0  40.0
1433  1089511.982  1074278.697   0.147000  27.0  44.0
1434  1089514.021  1073005.719   0.287000  11.0  12.0
1435  1089539.624  1065147.857   0.198000  18.0  93.0
1436  1089540.017  1070320.947   0.283000  38.0  94.0
1437  1089550.873  1069247.514   0.619000  38.0  51.0
1438  1089567.326  1074012.076   0.111000  27.0  44.0
1439  1089576.778  1062370.850   0.366000  12.0  69.0
1440  1089594.106  1072660.206   0.162000  11.0  12.0
1441  1089611.778  1062345.850   0.930000  12.0  69.0
1442  1089619.656  1064951.621   0.100000  18.0   8.0
1443  1089642.736  1060670.449   0.356000  34.0  40.0
1444  1089649.102  1073571.506   0.535000  27.0  44.0
1445  1089655.578  1061511.557   0.237000  12.0  69.0
1446  1089663.391  1071163.305   0.598000  11.0  24.0
1447  1089692.906  1063880.369   1.014000  18.0  13.0
1448  1089701.893  1073027.957   0.276000  11.0  12.0
1449  1089709.897  1072563.992   0.141000  11.0  12.0
1450  1089740.583  1066035.315   0.995000  18.0  71.0
1451  1089784.816  1067204.818   0.514000  16.0  43.0
1452  1089789.905  1067897.098   0.321000  16.0  43.0
1453  1089795.047  1072454.591   0.319000  11.0  12.0
1454  1089817.153  1063184.318   0.165000  12.0  13.0
1455  1089819.251  1071366.337   0.117000  11.0  24.0
1456  1089830.047  1072429.591   0.873000  11.0  12.0
1457  1089834.338  1065254.685   0.282000  18.0   8.0
1458  1089839.603  1071745.471   0.155000  11.0  24.0
1459  1089852.783  1062287.704   0.786000  12.0  69.0
1460  1089894.406  1061461.794   0.194000  12.0  69.0
1461  1089894.640  1063017.238   0.334000  12.0  13.0
1462  1089897.734  1070993.580   0.137000  11.0  94.0
1463  1089906.155  1060654.457   0.379000  34.0  40.0
1464  1089907.013  1073914.707   0.675000  27.0  44.0
1465  1089907.462  1070622.042   0.116000  38.0  94.0
1466  1089921.513  1073016.777   0.391000  11.0  12.0
1467  1089968.272  1072281.178   3.261000  11.0  12.0
1468  1089972.099  1070337.550   0.251000  38.0  94.0
1469  1089975.039  1069092.302   0.319000  38.0  51.0
1470  1089977.007  1064956.904   0.326000  18.0   8.0
1471  1089981.896  1059975.240   0.374000  34.0  40.0
1472  1089996.876  1064084.150   1.025000  18.0   8.0
1473  1090003.272  1072256.178   0.585000  11.0  12.0
1474  1090010.039  1069067.302   0.996000  38.0  51.0
1475  1090059.953  1072749.629   0.133000  11.0  12.0
1476  1090063.322  1074532.263   1.280000  27.0  44.0
1477  1090072.897  1065848.184   1.023000  18.0  71.0
1478  1090073.942  1071318.468   0.439000  11.0  24.0
1479  1090092.035  1071580.072   0.160000  11.0  24.0
1480  1090099.680  1060228.889   0.205000  34.0  40.0
1481  1090111.878  1068396.992   2.931000  38.0  43.0
1482  1090122.110  1061685.985   0.105000  12.0  69.0
1483  1090128.903  1069553.820   0.411000  38.0  51.0
1484  1090146.878  1068371.992   1.262000  38.0  43.0
1485  1090147.741  1062441.509   1.122000  12.0  69.0
1486  1090148.911  1069812.135   0.782000  38.0  51.0
1487  1090149.873  1069274.641   0.605000  38.0  51.0
1488  1090157.110  1061660.985   0.174000  12.0  69.0
1489  1090163.903  1069528.820   0.813000  38.0  51.0
1490  1090165.403  1070078.185   0.820000  38.0  94.0
1491  1090180.202  1068818.589   0.177000  38.0  51.0
1492  1090185.823  1074280.939   0.269000  27.0  44.0
1493  1090187.394  1070736.316   0.466000  38.0  94.0
1494  1090194.167  1073193.494   0.482000  11.0  12.0
1495  1090215.202  1068793.589   2.678000  38.0  51.0
1496  1090228.991  1067813.788   0.326000  16.0  43.0
1497  1090240.978  1064188.090   0.183000  18.0   8.0
1498  1090249.001  1060609.754   0.445000  34.0  40.0
1499  1090253.450  1065316.662   0.266000  18.0   8.0
1500  1090263.991  1067788.788   1.694000  16.0  43.0
1501  1090275.978  1064163.090   1.135000  18.0   8.0
1502  1090288.450  1065291.662   0.149000  18.0   8.0
1503  1090288.932  1066246.898   0.259000  18.0  71.0
1504  1090305.869  1072039.118   0.912000  11.0  12.0
1505  1090338.256  1070331.046   0.220000  38.0  94.0
1506  1090340.869  1072014.118   1.334000  11.0  12.0
1507  1090366.688  1073643.682   0.863000  27.0  44.0
1508  1090388.125  1062555.444   0.223000  12.0  69.0
1509  1090391.905  1070994.511   0.430000  11.0  94.0
1510  1090402.012  1064954.822   0.128000  18.0   8.0
1511  1090417.838  1072786.082   0.355000  11.0  12.0
1512  1090423.125  1062530.444   1.211000  12.0  69.0
1513  1090423.925  1065274.022   0.100000  18.0   8.0
1514  1090434.628  1066270.311   0.206000  18.0  71.0
1515  1090466.806  1072978.867   0.112000  11.0  12.0
1516  1090481.862  1064275.170   0.492000  18.0   8.0
1517  1090483.202  1070556.875   0.312000  38.0  94.0
1518  1090486.684  1065079.679   0.112000  18.0   8.0
1519  1090584.459  1074010.070   0.447000  27.0  44.0
1520  1090808.909  1073519.928   0.421000  11.0  12.0