NAME	X	Y	AREA
Parking_E-MH-4376-3	1075096.34	1050907.04	1.946
Parking_E-MH-7559	1075578.408	1051102.587	3.3
SAimp_E-MH-7559	1075613.408	1051077.587	0.525
SAimp_E-node-426	1075699.45	1054752.544	1.426
SAimp_11854-2	1075833.999	1053620.441	1.441
SAimp_E-MH-3609	1075886.861	1052835.368	0.122
SAimp_E-MH-3570-1	1075915.894	1050356.216	0.372
SAimp_E-MH-3643	1075972.861	1050697.736	0.159
Parking_E-MH-3608-1	1076048.796	1053060.176	0.468
SAimp_E-MH-3608-1	1076083.796	1053035.176	0.464
Parking_E-MH-3585-2	1076092.997	1052610.075	0.206
SAimp_E-MH-7502	1076095.235	1053402.098	0.233
SAimp_E-MH-7498	1076100.416	1054143.289	0.13
SAimp_E-MH-7500	1076101.217	1053814.339	0.29
SAimp_E-MH-3550-1	1076104.297	1050314.967	0.227
SAimp_E-node-2535	1076104.882	1051860.042	0.606
SAimp_E-MH-3558	1076105.314	1051030.547	0.437
SAimp_E-MH-3623-2	1076105.448	1050543.66	0.175
SAimp_E-MH-3570-2	1076105.767	1049984.121	0.422
Parking_11668	1076107.208	1054959.117	0.226
SAimp_E-MH-3608-2	1076108.596	1052844.853	0.124
SAimp_E-MH-3585-2	1076127.997	1052585.075	0.265
SAimp_11668	1076142.208	1054934.117	2.005
SAimp_E-ADDED-E-11855-2	1076231.02	1053244.426	0.194
SAimp_E-MH-3561	1076231.622	1052319.913	0.151
SAimp_E-MH-3552-2	1076234.292	1051407.26	0.125
SAimp_E-MH-3550-2	1076245.105	1050134.119	0.15
SAimp_11665-2	1076255.053	1054269.305	0.151
SAimp_E-MH-3657	1076256.756	1051316.354	0.115
SAimp_E-MH-8122-2	1076271.436	1049749.131	0.565
Parking_E-MH-3618	1076348.812	1053908.24	0.262
Parking_E-MH-3554	1076351.606	1051040.474	0.31
SAimp_E-MH-3617	1076362.789	1053456.741	0.269
SAimp_E-MH-3552-1	1076366.096	1051857.993	0.569
SAimp_E-MH-3549	1076367.826	1050360.341	0.415
SAimp_E-MH-3621	1076370.645	1054878.183	0.51
SAimp_E-MH-3607	1076373.054	1052752.075	0.614
SAimp_E-MH-3618	1076383.812	1053883.24	0.31
Parking_E-node-2430	1076384.457	1044786.143	0.749
SAimp_E-MH-3554	1076386.606	1051015.474	0.492
SAimp_E-node-2430	1076419.457	1044761.143	1.198
SAimp_12632-1	1076491.187	1046646.608	7.15
Parking_E-MH-3606	1076491.507	1053202.408	0.102
SAimp_E-MH-3548	1076495.572	1050043.843	0.142
SAimp_E-node-2272-2	1076498.717	1049933.776	0.125
SAimp_E-MH-3655	1076505.714	1051324.494	0.116
SAimp_E-MH-3551	1076507.783	1051418.805	0.127
SAimp_11850	1076518.608	1053314.499	0.17
SAimp_E-MH-3606	1076526.507	1053177.408	0.183
Parking_E-MH-3641	1076533.046	1051010.911	0.267
SAimp_E-MH-3568	1076555.875	1050375.516	0.237
SAimp_E-MH-7585	1076559.5	1054189.471	0.126
SAimp_E-MH-8118	1076563.089	1049603.08	0.129
SAimp_11642-1	1076566.227	1051907.337	0.437
SAimp_E-MH-3641	1076568.046	1050985.911	0.253
SAimp_E-MH-7584	1076570.143	1053916.576	0.147
SAimp_E-MH-7583	1076575.062	1054418.533	0.197
SAimp_E-node-2272-1	1076583.831	1049795.88	0.102
SAimp_E-ADDED-E-MH-7744	1076629.162	1052799.561	0.191
SAimp_11646-2	1076630.181	1052524.835	0.218
SAimp_E-MH-7582	1076636.145	1055136.466	0.963
SAimp_11655	1076645.764	1053549.159	0.272
SAimp_11652	1076652.892	1053072.747	0.163
SAimp_E-MH-3538	1076699.844	1050460.894	0.107
SAimp_11657	1076701.789	1053914.936	0.104
SAimp_11646-1	1076701.989	1052040.963	0.129
SAimp_11642-2	1076702.765	1051628.006	0.115
SAimp_E-MH-3640-2	1076768.513	1050689.803	0.143
SAimp_E-MH-3563-2	1076774.736	1049954.634	0.256
SAimp_E-node-2537-2	1076775.634	1052326.946	0.152
SAimp_E-MH-3654-2	1076775.875	1051348.151	0.242
SAimp_E-MH-3604	1076783.137	1053264.044	0.156
SAimp_E-node-445-4	1076817.167	1053401.552	0.26
Parking_E-MH-8117	1076821.411	1049613.123	0.661
SAimp_E-node-446-2	1076836.189	1054598.538	0.181
SAimp_SPP94-1	1076837.865	1043993.287	0.125
Parking_E-MH-18997-2	1076848.94	1045030.707	0.171
SAimp_E-MH-8117	1076856.411	1049588.123	0.281
Parking_E-node-2537-1	1076860.684	1052828.743	0.149
SAimp_E-node-445-1	1076875.867	1054312.793	0.208
SAimp_E-MH-18997-2	1076883.94	1045005.707	1.02
SAimp_E-node-445-3	1076891.602	1053620.131	0.118
SAimp_E-MH-3614	1076894.453	1050315.613	0.239
SAimp_E-node-2537-1	1076895.684	1052803.743	0.603
SAimp_E-MH-3563-1	1076896.399	1050021.571	0.124
SAimp_E-MH-3654-1	1076907.265	1051851.383	0.572
SAimp_E-MH-3616	1076907.555	1050578.022	0.118
SAimp_E-MH-3640-1	1076923.893	1050917.567	0.54
SAimp_E-node-2271-2	1076927.82	1049769.133	0.112
SAimp_E-node-446-3	1076964.868	1055305.136	0.835
SAimp_E-node-2271-1	1077039.816	1049894.963	0.266
SAimp_E-MH-3576	1077041.993	1052342.606	0.154
SAimp_E-MH-18989-1	1077045.335	1044364.507	0.178
SAimp_E-MH-18988	1077062.043	1044623.206	0.22
SAimp_11828-1	1077065.351	1053299.304	0.177
Parking_14926-2	1077076.059	1051071.728	0.272
Parking_E-MH-18897	1077082.212	1045360.333	0.578
SAimp_11628	1077095.594	1049575.596	0.221
SAimp_14926-2	1077111.059	1051046.728	0.123
SAimp_E-MH-18897	1077117.212	1045335.333	0.883
Parking_11843-1	1077124.394	1053549.823	0.113
SAimp_E-node-2540-4	1077136.163	1050338.899	0.17
Parking_11969	1077138.42	1051573.98	0.548
SAimp_13541	1077140.174	1050551.296	0.121
Parking_11828-2	1077158.55	1053066.584	0.213
SAimp_11843-1	1077159.394	1053524.823	0.275
SAimp_E-node-446-1	1077169.364	1054789.142	0.319
SAimp_E-MH-18961	1077169.374	1045562.149	0.696
SAimp_E-MH-4515	1077170.299	1052623.841	0.173
SAimp_14929	1077170.876	1052056.834	0.271
SAimp_11969	1077173.42	1051548.98	0.513
SAimp_14923	1077182.341	1050811.829	0.116
SAimp_11828-2	1077193.55	1053041.584	0.527
SAimp_11716	1077196.538	1049975.562	0.193
SAimp_14926-1	1077202.983	1051206.399	0.12
SAimp_SPP94-2	1077225.361	1044160.607	0.118
SAimp_E-MH-4095	1077259.978	1050437.195	0.102
SAimp_E-MH-3524-2	1077273.191	1054490.085	0.229
Parking_E-MH-18989-2	1077279.529	1044470.821	0.165
SAimp_E-MH-3535	1077297.209	1056783.626	0.155
Parking_E-MH-3527	1077303.557	1056542.869	0.228
SAimp_13617	1077313.203	1049488.56	0.345
SAimp_E-MH-18989-2	1077314.529	1044445.821	0.214
SAimp_E-MH-3572	1077321.107	1052341.102	0.161
SAimp_E-MH-3594	1077322.007	1053430.32	0.168
SAimp_11608	1077337.432	1055733.463	0.395
SAimp_E-MH-3527	1077338.557	1056517.869	0.302
SAimp_E-MH-18939	1077338.802	1045807.976	0.889
SAimp_11600	1077363.623	1053986.105	0.58
SAimp_11605-1	1077365.113	1055174.841	0.564
SAimp_13612	1077414.249	1050980.717	0.488
SAimp_E-MH-18878	1077425.234	1043910.48	0.186
SAimp_E-MH-3645	1077429.653	1051811.863	0.872
SAimp_E-MH-3524-1	1077433.116	1054689.916	0.146
SAimp_E-node-2540-1	1077439.246	1050336.622	0.104
SAimp_E-MH-4102	1077441.619	1050484.555	0.116
SAimp_E-MH-4092-1	1077465.018	1049739.123	0.65
SAimp_E-MH-3573	1077469.458	1052864.455	0.804
Parking_E-MH-3596	1077497.171	1053557.138	0.163
SAimp_E-MH-4125-1	1077500.793	1050594.196	0.34
SAimp_E-MH-18922	1077520.43	1046056.89	0.727
SAimp_E-MH-3596	1077532.171	1053532.138	0.505
SAimp_12860-2	1077532.766	1049279.52	0.18
Parking_E-MH-18902	1077543.265	1045009.293	0.408
SAimp_11605-2	1077543.341	1054897.794	0.107
SAimp_E-MH-18902	1077578.265	1044984.293	0.785
SAimp_E-node-2540-2	1077604.106	1050086.689	0.925
SAimp_E-MH-18887	1077609.763	1044621.614	0.206
SAimp_E-MH-4125-3	1077668.486	1050965.076	0.503
SAimp_11972	1077675.747	1051755.982	0.875
SAimp_E-MH-7667	1077676.896	1055699.344	0.978
SAimp_E-node-2536-2	1077688.619	1052855.322	0.875
SAimp_E-MH-7762	1077689.346	1054312.712	0.316
SAimp_E-MH-7668	1077694.372	1054741.453	0.315
SAimp_E-MH-7763	1077696.623	1053887.643	0.325
Parking_E-node-2536-1	1077767.916	1053577.344	0.161
SAimp_E-node-2428	1077786.326	1044137.758	0.777
SAimp_E-node-2536-1	1077802.916	1053552.344	0.267
SAimp_12860-1	1077803.872	1049249.674	0.359
SAimp_13621-3	1077840.068	1050583.646	0.106
SAimp_E-MH-3839-3	1077843.027	1050315.835	0.363
SAimp_E-MH-3575	1077846.338	1052326.778	0.157
SAimp_E-MH-3597	1077852.974	1053713.14	0.246
Parking_E-MH-3648	1077908.121	1052480.305	0.311
SAimp_E-MH-19318	1077917.941	1044366.058	0.232
SAimp_E-MH-18912	1077930.082	1045468.029	0.159
SAimp_E-MH-3648	1077943.121	1052455.305	1.834
SAimp_E-MH-3838-2	1077954.619	1049485.703	0.231
SAimp_13621-1	1077956.733	1051000.702	0.4
Parking_12647	1077956.872	1047244.364	1.794
SAimp_E-MH-7889	1077979.595	1054959.797	0.372
SAimp_12647	1077991.872	1047219.364	0.95
SAimp_SPP77	1077994.144	1045854.51	0.178
SAimp_E-MH-7888	1078011.719	1055877.856	1.313
SAimp_E-MH-3652	1078015.231	1054464.653	0.449
SAimp_E-MH-3649	1078016.106	1053962.881	0.296
SAimp_SPP81	1078031.589	1045118.605	0.109
SAimp_E-MH-3838-3	1078034.007	1049818.531	0.175
Parking_E-MH-7826	1078072.185	1051425.209	0.15
SAimp_E-node-2533-1	1078077.986	1051270.727	0.129
SAimp_E-MH-19374	1078082.058	1044712.011	0.245
SAimp_E-MH-7826	1078107.185	1051400.209	0.1
SAimp_SPP218w-1	1078109.619	1050518.494	0.197
SAimp_E-MH-3599	1078154.73	1053761.736	0.348
SAimp_E-MH-8078-2	1078168.445	1055237.857	0.28
SAimp_SPP75-1	1078168.812	1045807.154	0.251
SAimp_E-MH-3839-1	1078192.393	1050023.368	0.256
Parking_E-node-2533-2	1078205.862	1050981.788	0.105
SAimp_E-MH-7973	1078219.461	1051854.625	0.627
SAimp_E-MH-3839-2	1078220.675	1050284.917	0.334
SAimp_E-MH-3838-1	1078222.265	1049663.076	0.413
SAimp_E-MH-7672-1	1078233.328	1052593.821	0.855
SAimp_E-MH-20232	1078235.002	1053299.568	0.676
SAimp_E-node-2533-2	1078240.862	1050956.788	0.476
SAimp_12663-1	1078244.878	1049065.145	0.457
SAimp_E-MH-3838-4	1078244.967	1049489.841	0.206
SAimp_E-ADDED-E-21571	1078258.459	1045187.794	0.632
SAimp_E-MH-18892	1078270.218	1045629.107	1.081
SAimp_SPP218w-2	1078272.078	1050628.715	0.138
Parking_E-MH-8078-1	1078305.408	1055863.417	0.127
Parking_E-MH-3602-2	1078308.155	1053742.799	0.249
SAimp_E-MH-3602-1	1078310.038	1053881.655	0.141
SAimp_E-MH-8077	1078323.551	1054744.632	0.283
SAimp_E-MH-6912	1078326.01	1054372.786	0.25
SAimp_E-MH-4134-1	1078334.897	1051379.97	0.112
SAimp_E-MH-6911	1078338.413	1054098.257	0.197
SAimp_E-MH-8078-1	1078340.408	1055838.417	1.505
SAimp_E-MH-7908	1078342.784	1051251.38	0.125
SAimp_E-MH-3602-2	1078343.155	1053717.799	0.118
SAimp_E-MH-4023	1078390.275	1053905.766	0.108
SAimp_E-MH-6130	1078392.944	1047824.416	0.526
SAimp_E-MH-18841	1078420.084	1046384.173	0.527
SAimp_E-node-1102-2	1078423.353	1050998.831	0.213
SAimp_E-MH-7672-2	1078425.379	1052098.446	0.144
SAimp_E-MH-4144	1078428.984	1052725.885	0.166
Parking_E-MH-4146	1078458.646	1053387.459	0.133
SAimp_E-MH-3774	1078471.784	1048755.331	0.414
SAimp_E-MH-4146	1078493.646	1053362.459	0.513
SAimp_E-MH-6123-2	1078501.14	1048249.505	0.143
SAimp_E-MH-18916-1	1078508.902	1045584.24	0.446
SAimp_E-MH-7907	1078518.687	1051755.626	0.514
SAimp_E-node-1102-1	1078532.463	1050914.268	0.112
SAimp_E-MH-7672-3	1078550.148	1052677.021	0.17
SAimp_E-MH-4008	1078555.067	1054328.13	0.293
SAimp_E-MH-4131	1078572.522	1051210.807	0.19
Parking_E-MH-4023-1	1078597.959	1053951.925	0.149
SAimp_13670	1078600.714	1050302.949	0.883
SAimp_E-MH-17906-1	1078611.475	1045987.472	2.156
Parking_E-MH-7846	1078612.584	1056076.536	0.548
SAimp_E-MH-6151-2	1078625.897	1049289.71	0.583
SAimp_E-MH-4023-1	1078632.959	1053926.925	0.383
SAimp_E-MH-4010	1078646.589	1054838.274	0.239
SAimp_E-MH-7846	1078647.584	1056051.536	1.549
SAimp_E-MH-6123-1	1078648.636	1048175.588	0.303
SAimp_E-MH-7848	1078654.616	1055179.634	0.25
SAimp_SPP69	1078666.462	1048451.388	0.251
SAimp_13449-3	1078669.165	1050633.923	0.217
SAimp_SPP315-2	1078678.796	1049094.225	0.3
SAimp_13650-3	1078682.172	1052011.048	0.182
SAimp_13449-4	1078682.569	1050814.691	0.112
SAimp_13645	1078687.664	1051567.36	0.168
Parking_E-MH-7877	1078689.335	1053496.187	0.157
SAimp_E-ADDED-E-1568-3	1078696.863	1048827.981	0.174
SAimp_13026	1078708.814	1054323.354	0.215
SAimp_13449-2	1078716.72	1051078.332	0.271
SAimp_E-MH-7877	1078724.335	1053471.187	1.168
SAimp_13650-2	1078739.422	1052522.454	0.185
SAimp_E-MH-7879	1078774.537	1052777.45	0.232
SAimp_E-MH-7650-3	1078779.809	1059572.922	0.1
SAimp_E-MH-18916-2	1078798.471	1046160.743	0.293
SAimp_13459	1078815.885	1051524.315	0.217
SAimp_E-MH-4066-1	1078831.019	1052072.199	0.25
Parking_E-MH-7981	1078848.185	1050967.527	0.442
Parking_E-MH-7902	1078886.393	1054419.2	0.29
Parking_13449-1	1078907.522	1050809.965	0.186
SAimp_E-MH-7902	1078921.393	1054394.2	0.517
Parking_E-MH-7897	1078921.71	1056252.499	0.375
SAimp_E-MH-7777-2	1078931.179	1052968.94	0.257
SAimp_E-MH-7900	1078938.551	1054939.582	0.232
Parking_E-node-2463	1078951.877	1050503.894	0.181
SAimp_E-MH-7899	1078953.019	1055294.315	0.254
SAimp_E-MH-7897	1078956.71	1056227.499	1.351
SAimp_13657-1	1078958.046	1052643.667	0.147
SAimp_E-node-2463	1078986.877	1050478.894	0.211
Parking_E-MH-4149-2	1079011.898	1050946.829	0.257
SAimp_E-MH-7777-1	1079013.297	1053497.791	0.635
SAimp_13662	1079034.119	1051771.996	0.842
SAimp_E-ADDED-E-1568-2	1079053.903	1048724.45	0.31
SAimp_13657-2	1079077.18	1052531.09	0.141
SAimp_13016-1	1079082.356	1054069.761	0.228
Parking_E-MH-3421	1079107.642	1050034.934	0.198
SAimp_E-MH-3421	1079142.642	1050009.934	0.77
Parking_13016	1079193.627	1054349.377	0.179
Parking_E-MH-7920	1079210.178	1056520.16	0.725
Parking_E-MH-4138	1079222.095	1052534.446	0.445
SAimp_13016	1079228.627	1054324.377	0.297
SAimp_E-MH-4149-1	1079244.589	1050598.938	0.234
SAimp_E-MH-7959	1079244.672	1054699.006	0.254
SAimp_E-MH-7920	1079245.178	1056495.16	1.148
Parking_E-ADDED-E-1568-1	1079247.229	1048977.523	0.172
SAimp_E-MH-7922	1079248.986	1055108.678	0.261
SAimp_E-MH-4138	1079257.095	1052509.446	0.318
SAimp_E-MH-6158	1079264.459	1049137.432	0.273
Parking_E-MH-6934	1079269.963	1053367.014	0.31
SAimp_E-ADDED-E-1568-1	1079282.229	1048952.523	0.622
SAimp_E-MH-7921	1079288.703	1055491.247	0.314
Parking_E-MH-7979	1079302.78	1051082.871	0.328
SAimp_13664-2	1079302.975	1051775.896	0.78
SAimp_E-MH-6934	1079304.963	1053342.014	1.437
SAimp_E-MH-7979	1079337.78	1051057.871	1.095
Parking_E-MH-7650	1079376.517	1059561.24	0.132
SAimp_13362	1079387.008	1054167.021	0.228
SAimp_E-MH-7652	1079389.58	1059200.255	0.569
SAimp_E-MH-7650-4	1079393.364	1059361.281	0.326
SAimp_E-MH-3421-1	1079393.452	1049725.372	0.151
SAimp_E-MH-7650	1079411.517	1059536.24	0.71
SAimp_10424	1079414.602	1050251.56	0.565
Parking_E-MH-7196	1079450.554	1054373.693	0.365
SAimp_E-MH-7196	1079485.554	1054348.693	0.1
Parking_E-MH-6934-2	1079501.99	1053655.393	0.687
Parking_E-MH-7190	1079512.628	1056551.9	0.268
Parking_E-MH-7192	1079513.802	1055478.855	0.112
SAimp_10424-1	1079523.965	1049983.851	0.132
Parking_E-MH-6881	1079526.764	1052039.512	0.304
Parking_E-node-1472	1079530.544	1052489.283	0.602
SAimp_E-MH-7194	1079536.58	1054702.837	0.2
SAimp_E-MH-6934-2	1079536.99	1053630.393	0.964
SAimp_E-MH-6767	1079540.175	1052707.672	0.132
SAimp_E-MH-7190	1079547.628	1056526.9	1.197
SAimp_E-MH-7192	1079548.802	1055453.855	0.259
SAimp_E-MH-7193	1079554.97	1055057.642	0.202
SAimp_E-MH-6881	1079561.764	1052014.512	0.426
SAimp_13690	1079564.59	1050733.712	0.195
SAimp_E-MH-6880	1079564.767	1051559.259	0.167
SAimp_E-node-1472	1079565.544	1052464.283	0.213
SAimp_13667-2	1079602.266	1051348.279	0.17
SAimp_13043	1079639.607	1054294.381	0.232
SAimp_16146	1079683.344	1050927.287	0.214
SAimp_13043-1	1079695.656	1054499.068	0.282
Parking_E-MH-3911	1079727.739	1055449.558	0.32
SAimp_12682	1079730.509	1051155.464	0.168
Parking_E-MH-6187	1079733.802	1050094.687	0.362
Parking_10387	1079736.703	1053409.041	0.668
SAimp_E-MH-3911	1079762.739	1055424.558	0.774
SAimp_E-MH-6187	1079768.802	1050069.687	1.672
SAimp_10387	1079771.703	1053384.041	0.831
SAimp_SPP277o	1079779.514	1053846.298	0.35
Parking_10408	1079781.276	1051186.215	0.228
SAimp_E-MH-6996	1079786.142	1056291.775	0.268
Parking_16127	1079794.026	1055826.001	0.119
SAimp_E-MH-6995-1	1079797.192	1056578.418	0.403
SAimp_10394	1079802.553	1052783.747	0.399
SAimp_13049	1079807.547	1054883.043	0.458
SAimp_10400	1079810.327	1051836.627	0.467
SAimp_10402	1079811.311	1051504.562	0.446
SAimp_13044	1079814.81	1054370.379	0.103
SAimp_10408	1079816.276	1051161.215	0.123
SAimp_10396	1079816.683	1052498.629	0.37
SAimp_13052	1079824.555	1056089.979	0.32
SAimp_16127	1079829.026	1055801.001	0.125
SAimp_E-MH-7652-1	1079833.082	1059275.101	0.251
SAimp_10380	1079843.832	1054047.802	0.184
SAimp_E-MH-3912	1079847.774	1055576.365	0.148
SAimp_13044-1	1079849.407	1054579.215	0.114
Parking_10410	1079850.335	1050985.605	0.131
SAimp_10398	1079850.782	1052218.891	0.627
Parking_13394	1079852.311	1049217.91	0.226
SAimp_10436	1079879.218	1049481.154	0.206
Parking_10408-1	1079881.068	1051248.705	0.287
SAimp_10410	1079885.335	1050960.605	0.153
SAimp_13394	1079887.311	1049192.91	0.413
SAimp_10408-1	1079916.068	1051223.705	0.243
SAimp_10391	1079935.963	1052938.361	0.161
SAimp_10389	1079939.358	1053036.98	0.194
Parking_E-node-1094	1079953.986	1054909.737	0.216
Parking_E-MH-6994	1079960.642	1057267.509	0.999
Parking_13218	1079970.867	1053755.828	0.769
SAimp_E-node-1094	1079988.986	1054884.737	0.847
SAimp_E-MH-6994	1079995.642	1057242.509	1.665
SAimp_13218	1080005.867	1053730.828	1.141
SAimp_13582-1	1080009.388	1051909.866	0.29
SAimp_13582	1080013.597	1052579.28	0.19
SAimp_13052-1	1080016.518	1056027.503	0.408
SAimp_E-MH-22519	1080027.159	1059162.499	0.182
Parking_12944	1080050.697	1051552.256	0.247
Parking_12749	1080068.861	1058042.041	0.101
SAimp_12944	1080085.697	1051527.256	0.489
SAimp_12715	1080087.735	1055032.737	0.317
SAimp_12749	1080103.861	1058017.041	0.268
SAimp_E-node-711	1080142.607	1053263.559	0.188
SAimp_E-MH-6995	1080146.975	1056414.107	0.441
SAimp_13385	1080156.261	1049790.005	0.325
SAimp_13598	1080157.106	1051991.384	0.324
SAimp_E-MH-6994-1	1080159.863	1056746.077	0.439
SAimp_13598-1	1080167.503	1052520.075	0.223
SAimp_SPP149w1	1080191.22	1052918.643	0.174
Parking_E-node-721	1080203.299	1055148.13	3.277
SAimp_E-node-711-1	1080210.199	1053048.18	0.172
SAimp_E-node-721	1080238.299	1055123.13	1.03
Parking_13192	1080255.563	1048764.386	0.353
SAimp_12944-1	1080259.422	1051494.062	0.412
Parking_E-MH-3990	1080276.571	1056098.659	0.408
SAimp_12753	1080279.587	1054323.967	0.256
Parking_13226	1080285.423	1053785.634	0.708
SAimp_E-MH-22517	1080289.376	1059171.847	0.199
SAimp_13192	1080290.563	1048739.386	0.412
SAimp_E-MH-3990	1080311.571	1056073.659	0.359
SAimp_13226	1080320.423	1053760.634	1.131
SAimp_13194	1080340.752	1049055.988	0.107
SAimp_E-MH-4069	1080345.085	1050719.253	0.613
SAimp_E-MH-6779	1080346.919	1051270.617	0.766
SAimp_E-MH-4121	1080357.619	1051986.298	0.63
Parking_E-MH-7830	1080372.083	1059498.075	0.593
SAimp_E-MH-4121-2	1080377.964	1052643.021	0.646
SAimp_13434-1	1080394.711	1058148.199	0.553
SAimp_E-MH-4107	1080400.486	1049264.722	0.122
SAimp_E-MH-7830	1080407.083	1059473.075	0.814
SAimp_13226-1	1080469.392	1053047.169	0.153
SAimp_E-MH-3795	1080474.177	1057442.487	0.86
Parking_E-MH-3931	1080481.594	1055318.994	0.929
Parking_E-node-2634	1080507.247	1048379.836	0.769
SAimp_E-node-1077-1	1080515.441	1056513.295	0.365
SAimp_E-MH-3931	1080516.594	1055293.994	1.385
SAimp_E-MH-3795-1	1080529.566	1056913.339	0.22
SAimp_E-node-2634	1080542.247	1048354.836	0.121
Parking_13228	1080566.396	1053484.847	0.278
SAimp_13607	1080595.515	1052668.444	0.439
SAimp_13398	1080599.21	1049147.729	0.191
SAimp_E-MH-7830-1	1080599.828	1059212.717	0.178
SAimp_13228	1080601.396	1053459.847	0.623
SAimp_13607-2	1080601.475	1052082.931	0.665
SAimp_12982-1	1080609.796	1054117.323	0.151
SAimp_E-node-1077	1080630.473	1056330.577	0.167
Parking_12982	1080631.722	1054379.846	0.257
SAimp_E-MH-4055-1	1080636.076	1058536.909	0.123
SAimp_E-MH-3931-1	1080642.97	1054513.092	0.203
SAimp_E-MH-4056	1080645.542	1058879.618	0.113
Parking_13058	1080658.811	1058049.99	0.215
SAimp_12982	1080666.722	1054354.846	0.171
SAimp_E-MH-4071	1080667.806	1050903.228	0.193
Parking_E-MH-9869	1080675.599	1059726.432	0.959
SAimp_E-MH-6781-2	1080688.462	1051101.448	0.172
SAimp_SPP197aw1-1	1080691.223	1053872.231	0.184
SAimp_13058	1080693.811	1058024.99	0.443
SAimp_E-MH-9869	1080710.599	1059701.432	0.618
Parking_E-MH-4112	1080719.993	1049979.346	1.376
SAimp_SPP198bw	1080730.856	1054444.977	0.179
Parking_12977	1080732.201	1053470.193	0.221
Parking_E-MH-7073	1080736.322	1054793.832	0.182
SAimp_E-MH-4112	1080754.993	1049954.346	2
SAimp_13008	1080758.463	1056569.031	0.26
SAimp_E-MH-4123-2	1080764.892	1052458.753	0.387
SAimp_13230	1080765.643	1053075.648	0.115
SAimp_12977	1080767.201	1053445.193	0.256
Parking_E-MH-7838	1080768.592	1058681.347	0.363
SAimp_E-MH-7073	1080771.322	1054768.832	0.289
SAimp_13058-1	1080771.418	1058232.202	0.222
SAimp_E-MH-7079	1080772.837	1055145.811	0.244
SAimp_12978	1080774.761	1054111.752	0.183
SAimp_E-MH-7077	1080776.553	1055785.849	0.64
SAimp_E-MH-3915	1080779.944	1057135.117	0.575
SAimp_E-MH-3918	1080791.483	1057781.858	0.385
SAimp_E-MH-7835	1080800.406	1059131.534	0.16
SAimp_E-MH-7838	1080803.592	1058656.347	0.227
SAimp_E-MH-4036-1	1080812.7	1048782.624	0.151
SAimp_12961	1080817.213	1052797.429	0.267
Parking_SPP197aw1	1080841.628	1053808.201	0.157
Parking_12987	1080869.17	1054633.583	0.186
SAimp_E-MH-7839	1080873.703	1058321.367	0.201
SAimp_E-MH-9865	1080875.307	1059877.661	0.807
SAimp_SPP197aw1	1080876.628	1053783.201	0.35
SAimp_E-MH-3891	1080895.685	1055769.134	0.172
SAimp_12819	1080900.719	1056308.155	0.116
SAimp_12987	1080904.17	1054608.583	0.165
SAimp_12814	1080910.903	1056431.76	0.162
SAimp_12757	1080913.342	1054462.973	0.177
SAimp_E-MH-4036-2	1080940.758	1049298.448	0.875
SAimp_E-node-1305	1080952.118	1050488.567	0.491
SAimp_Lewis-and-Clinton	1080990.656	1048820.066	0.198
SAimp_SPP197c	1080990.938	1052933.178	0.229
Parking_E-MH-7738	1080998.322	1058525.739	0.621
Parking_13241	1081004.173	1053743.143	0.423
Parking_E-MH-3933	1081004.519	1055534.119	0.274
SAimp_E-MH-7738	1081033.322	1058500.739	0.183
SAimp_13241	1081039.173	1053718.143	1.531
SAimp_E-MH-3933	1081039.519	1055509.119	1.316
SAimp_E-MH-3821	1081049.22	1057278.359	1.088
SAimp_E-MH-7736	1081050.434	1058759.963	0.185
Parking_E-MH-4123	1081052.873	1052674.876	0.776
SAimp_E-MH-7735	1081076.409	1059164.66	0.923
SAimp_E-MH-4123	1081087.873	1052649.876	0.946
SAimp_E-MH-4123-1	1081091.425	1052289.501	1.155
Parking_13075	1081093.271	1058287.036	0.703
SAimp_13075	1081128.271	1058262.036	0.309
Parking_E-MH-3993	1081133.822	1056440.775	0.109
SAimp_E-MH-4013	1081151.078	1049144.152	0.403
SAimp_E-MH-3993	1081168.822	1056415.775	0.109
SAimp_E-MH-6781-1	1081177.274	1051152.849	1.344
Parking_13076	1081210.13	1058543.65	0.116
SAimp_E-MH-4072	1081210.743	1050773.224	0.232
Parking_E-MH-7218	1081237.572	1058194.848	0.11
Parking_13110	1081240.737	1055176.703	0.429
SAimp_13076	1081245.13	1058518.65	0.22
Parking_E-MH-6974-1	1081251.753	1054141.921	0.195
SAimp_E-MH-6978	1081253.146	1053153.141	0.11
Parking_E-MH-7171-1	1081272.114	1056045.404	0.25
SAimp_E-MH-7218	1081272.572	1058169.848	0.617
SAimp_13110	1081275.737	1055151.703	0.779
SAimp_13141-1	1081280.748	1052987.561	0.103
SAimp_E-MH-6976	1081285.064	1053408.131	0.247
SAimp_E-MH-6974-1	1081286.753	1054116.921	0.615
SAimp_E-MH-3822	1081294.42	1057244.062	1.144
SAimp_E-MH-7171-1	1081307.114	1056020.404	0.827
Parking_SPP320-2	1081362.84	1048688.634	1.086
SAimp_E-MH-7456	1081363.495	1059446.281	0.63
SAimp_SPP320-2	1081397.84	1048663.634	1.796
SAimp_12760	1081415.078	1054565.436	0.291
Parking_E-MH-3924	1081422.343	1058723.304	0.369
Parking_E-MH-7176	1081442.229	1054820.908	0.112
SAimp_E-MH-3924	1081457.343	1058698.304	0.587
SAimp_E-MH-7176	1081477.229	1054795.908	0.325
Parking_E-MH-3823	1081497.299	1057319.052	0.269
Parking_E-MH-7171	1081516.094	1056163.401	0.334
SAimp_E-MH-7176-2	1081529.235	1055030.196	0.129
SAimp_E-MH-3823	1081532.299	1057294.052	0.918
SAimp_E-MH-7176-1	1081548.889	1055261.545	0.153
SAimp_E-MH-7171	1081551.094	1056138.401	0.674
SAimp_E-MH-7173	1081559.627	1055536.805	0.221
Parking_E-MH-6045-1	1081562.79	1049815.221	0.996
SAimp_E-MH-3994	1081567.109	1056604.482	0.218
SAimp_E-MH-6045-1	1081597.79	1049790.221	0.922
Parking_E-MH-22525	1081602.141	1059086.637	0.106
Parking_E-MH-6073-1	1081625.184	1050288.384	0.504
SAimp_E-node-1306	1081627.128	1050897.199	0.477
SAimp_E-MH-22525	1081637.141	1059061.637	0.508
SAimp_E-MH-6974	1081641.861	1054069.205	1.663
SAimp_E-MH-6073-1	1081660.184	1050263.384	0.678
SAimp_E-MH-3946	1081672.312	1052731.405	0.84
Parking_13142	1081684.965	1052978.268	0.442
Parking_E-MH-7216	1081688.52	1058304.496	0.16
SAimp_13142	1081719.965	1052953.268	0.578
SAimp_E-MH-7216	1081723.52	1058279.496	0.646
SAimp_E-MH-3803	1081749.82	1054646.611	0.382
SAimp_E-MH-6073	1081751.409	1050629.917	0.127
SAimp_E-MH-3857	1081753.425	1053425.994	0.254
SAimp_E-node-2254	1081774.199	1055134.878	0.99
Parking_E-MH-3925	1081778.339	1058783.808	0.15
Parking_E-MH-7373	1081780.349	1056185.737	0.572
SAimp_SPP320-1	1081786.897	1049037.667	0.105
SAimp_12824	1081791.559	1057362.011	1.006
SAimp_E-MH-3925	1081813.339	1058758.808	0.392
SAimp_E-MH-7373	1081815.349	1056160.737	0.79
Parking_13141	1081829.754	1053135.745	1.743
Parking_E-MH-6046-2	1081864.11	1049080.034	0.72
SAimp_13141	1081864.754	1053110.745	1.354
SAimp_E-MH-9855	1081894.24	1059676.906	0.143
SAimp_E-MH-6046-2	1081899.11	1049055.034	0.899
SAimp_E-MH-7215	1081928.308	1057976.43	0.11
SAimp_E-MH-4076	1081935.704	1053665.661	0.397
SAimp_E-MH-3927-1	1081950.249	1059111.34	0.33
SAimp_E-MH-3858	1081952.912	1053242.553	0.156
Parking_E-MH-4028	1081987.682	1055287.781	0.303
SAimp_E-MH-4028	1082022.682	1055262.781	0.609
Parking_E-MH-20369	1082033.06	1059480.389	0.725
SAimp_E-MH-7371	1082033.761	1056325.368	0.69
SAimp_E-MH-7214	1082050.118	1058368.829	0.7
SAimp_12829	1082051.716	1057365.708	0.937
Parking_E-node-2252	1082054.275	1054558.697	0.517
SAimp_E-MH-3859-1	1082061.998	1053454.686	0.195
SAimp_E-MH-20369	1082068.06	1059455.389	0.855
SAimp_13244	1082071.59	1056811.243	0.238
SAimp_E-node-2252	1082089.275	1054533.697	0.808
SAimp_E-MH-6932	1082104.015	1053950.381	0.996
Parking_E-MH-3927	1082111.663	1058887.857	0.303
SAimp_13119	1082134.291	1054853.727	0.169
SAimp_E-MH-3927	1082146.663	1058862.857	0.364
Parking_E-ADDED-E-23919	1082190.41	1059171.165	0.557
SAimp_E-MH-4116-1	1082208.579	1055214.062	0.213
SAimp_E-ADDED-E-23919	1082225.41	1059146.165	0.243
Parking_E-MH-6932-2	1082266.503	1054301.771	0.312
Parking_12775	1082297.627	1054623.895	0.107
SAimp_E-MH-3999	1082301.3	1057661.244	0.274
SAimp_E-MH-6932-2	1082301.503	1054276.771	0.67
SAimp_E-MH-3997	1082317.653	1057292.854	0.364
SAimp_E-MH-7289	1082323.23	1056357.329	0.927
SAimp_12775	1082332.627	1054598.895	0.152
Parking_E-MH-7213	1082335.801	1058518.939	0.154
SAimp_E-MH-3859	1082342.888	1053450.56	0.358
Parking_E-MH-4116	1082357.607	1055198.856	1.061
SAimp_E-MH-7213	1082370.801	1058493.939	0.771
SAimp_12770	1082371.144	1055686.711	0.227
SAimp_E-MH-4116	1082392.607	1055173.856	0.181
SAimp_E-MH-4000	1082401.931	1057821.842	0.105
SAimp_12835	1082404.173	1056995.435	0.134
SAimp_E-MH-3826	1082425.274	1057113.944	0.125
SAimp_12914	1082476.589	1053510.554	0.236
SAimp_12916	1082481.752	1054310.515	0.253
Parking_12773-2	1082641.286	1055220.295	0.13
SAimp_12773-2	1082676.286	1055195.295	0.906
SAimp_12930	1082684.601	1054651.962	0.351
SAimp_E-MH-7458	1082693.9	1058565.145	0.923
SAimp_E-MH-4085-2	1082704.246	1054189.594	0.595
Parking_E-node-1095-1	1082721.844	1057082.522	0.276
SAimp_E-node-1095-1	1082756.844	1057057.522	0.268
SAimp_E-MH-3828	1082778.194	1057517.523	0.755
SAimp_12773-1	1082857.725	1054871.901	0.167
SAimp_E-MH-4085-1	1082871.511	1053882.745	0.152
Parking_13128	1082895.811	1055247.664	0.408
Parking_E-MH-3929	1082901.489	1059444.076	2.64
SAimp_13128	1082930.811	1055222.664	0.401
SAimp_E-MH-3929	1082936.489	1059419.076	1.812
SAimp_E-MH-7463-1	1082988.176	1058695.514	0.913
SAimp_E-MH-3868	1083013.13	1054713.457	0.33
SAimp_E-MH-4086	1083045.153	1054196.091	0.519
SAimp_E-MH-3829	1083074.9	1057639.172	0.541
SAimp_E-node-1096	1083086.146	1056916.294	0.625
SAimp_E-MH-7463	1083126.202	1058089.182	0.101
SAimp_12850	1083130.37	1057969.034	0.648
SAimp_12782	1083178.368	1054936.741	0.187
Parking_E-MH-4087	1083227.714	1053591.206	0.424
SAimp_E-MH-4087	1083262.714	1053566.206	0.45
SAimp_13290	1083278.713	1058714.487	1.147
SAimp_12781	1083293.308	1055697.771	0.412
Parking_E-MH-3977	1083311.496	1056997.141	0.138
SAimp_E-MH-3977	1083346.496	1056972.141	0.705
SAimp_12783	1083347.926	1055112.525	0.169
SAimp_E-MH-3830	1083355.376	1057674.826	0.504
SAimp_E-MH-4087-1	1083359.597	1054126.05	0.704
SAimp_12937	1083370.771	1054690.998	0.474
SAimp_E-MH-3811	1083482.266	1055413.918	0.574
SAimp_E-node-2251	1083526.83	1054995.801	0.321
SAimp_E-MH-3987	1083530.617	1058773.943	0.849
Parking_E-MH-4017	1083598.766	1056952.392	0.21
Parking_E-MH-3831	1083623.325	1057792.872	0.538
SAimp_E-MH-4017	1083633.766	1056927.392	0.577
SAimp_E-MH-4088	1083642.256	1053600.341	0.291
SAimp_12938	1083643.253	1054733.865	0.295
SAimp_E-MH-3929-1	1083652.532	1059647.804	0.166
SAimp_E-MH-4789	1083653.86	1054052.806	0.216
SAimp_E-MH-3831	1083658.325	1057767.872	0.43
Parking_E-MH-3812	1083668.97	1055774.909	0.561
SAimp_E-MH-4792	1083672.939	1054286.736	0.187
SAimp_E-node-716-1	1083679.103	1058087.424	0.121
SAimp_E-MH-3812	1083703.97	1055749.909	0.861
SAimp_E-node-1097	1083785.298	1057532.676	0.165
SAimp_E-node-716	1083808.041	1058912.129	1.27
SAimp_E-MH-4117	1083817.362	1054472.365	0.198
SAimp_E-node-2250	1083834.116	1055104.534	0.202
SAimp_E-MH-3962	1083876.471	1056167.351	0.111
SAimp_12847	1083880.995	1057826.845	0.144
SAimp_13208	1083881.563	1055873.385	0.109
SAimp_E-MH-4017-1	1083881.609	1056613.771	0.194
SAimp_13201-1	1083893.916	1055534.028	0.246
SAimp_E-MH-3871	1083917.344	1054823.777	0.381
SAimp_E-MH-4017-2	1083933.077	1057196.634	0.574
SAimp_E-MH-4088-1	1083940.526	1054075.802	0.54
SAimp_E-MH-4088-2	1083940.941	1053709.983	0.32
Parking_12806	1083976.076	1056023.198	0.172
SAimp_12795	1084004.997	1055484.219	0.125
SAimp_13361	1084007.343	1056639.583	0.141
SAimp_12806	1084011.076	1055998.198	0.158
SAimp_13201	1084081.758	1055169.153	0.342
SAimp_E-MH-3984-1	1084088.563	1058944.953	1.374
Parking_E-MH-4119-1	1084153.863	1054130.182	0.212
SAimp_E-MH-4119-2	1084184.699	1054797.251	0.58
SAimp_13271	1084185.539	1058015.249	0.178
SAimp_E-MH-4119-1	1084188.863	1054105.182	0.563
SAimp_13407	1084193.452	1057217.915	0.6
SAimp_E-MH-4002	1084200.952	1056002.968	1.147
SAimp_E-MH-3984	1084217.139	1058143.38	0.121
SAimp_E-MH-3985-1	1084365.099	1058975.162	1.222
SAimp_13423	1084441.268	1057405.632	0.533
SAimp_13039	1084444.41	1057967.503	0.965
SAimp_E-MH-4003-1	1084444.555	1055898.425	1.115
SAimp_13428	1084454.701	1056821.43	0.301
SAimp_E-MH-4003	1084494.144	1055193.843	0.19
SAimp_E-MH-3985	1084496.242	1058205.934	0.109
Parking_E-MH-22522-1	1084638.209	1059015.234	0.311
SAimp_E-MH-22522-1	1084673.209	1058990.234	1.484
SAimp_E-MH-4004	1084675.662	1056064.294	1.059
Parking_13438	1084701.04	1057480.79	0.534
SAimp_13438	1084736.04	1057455.79	0.445
Parking_E-MH-7167	1084822.951	1057874.673	0.484
SAimp_E-MH-7167	1084857.951	1057849.673	0.609
Parking_E-MH-4119	1084867.821	1054660.162	0.698
Parking_E-MH-4005	1084882.696	1056068.651	0.483
SAimp_E-MH-4119	1084902.821	1054635.162	3.865
SAimp_E-MH-4005	1084917.696	1056043.651	1.198
SAimp_E-MH-4005-1	1085069.839	1055319.235	0.391
Parking_E-MH-1142-2	1085164.741	1060204.277	0.352
Parking_E-MH-4006	1085168.48	1055929.089	0.752
SAimp_E-MH-1142-2	1085199.741	1060179.277	0.139
SAimp_E-MH-4006	1085203.48	1055904.089	1.212
SAimp_E-MH-3902	1085237.735	1058940.148	0.363
SAimp_E-MH-1142	1085280.234	1060304.862	0.532
SAimp_E-MH-1142-1	1085290.679	1060616.481	0.343
SAimp_E-MH-7116	1085453.027	1058201.342	0.101
Parking_E-MH-9441-1	1085518.903	1060013.062	0.208
SAimp_E-MH-9441-1	1085553.903	1059988.062	0.469
Parking_E-MH-9441	1086027.743	1060066.933	0.269
SAimp_E-MH-9441	1086062.743	1060041.933	1.945