NAME	X	Y	AREA
Parking_E-MH-2126	1071081.259	1058171.573	3.627
SAimp_E-MH-2126	1071116.259	1058146.573	1.38
Parking_E-MH-1695	1071218.165	1059070.194	1.089
SAimp_E-MH-1695	1071253.165	1059045.194	0.663
Parking_E-MH-13934	1071289.581	1059657.087	1.016
SAimp_E-MH-13934	1071324.581	1059632.087	0.424
Parking_E-MH-13934-1	1071443.298	1060468.282	0.206
SAimp_E-MH-13934-1	1071478.298	1060443.282	0.398
Parking_E-node-897	1071530.637	1058877.304	1.213
Parking_E-node-260	1071534.91	1060047.377	0.394
SAimp_E-node-897	1071565.637	1058852.304	0.63
SAimp_E-node-260	1071569.91	1060022.377	0.245
Parking_E-node-257	1071588.04	1058246.347	1.911
SAimp_E-node-257	1071623.04	1058221.347	0.881
SAimp_E-MH-1695-1	1071635.618	1059619.566	0.321
Parking_4980	1071691.914	1057797.228	1.528
SAimp_4980	1071726.914	1057772.228	0.988
Parking_E-node-1796	1071768.867	1060480.996	1.697
SAimp_E-node-1796	1071803.867	1060455.996	0.407
Parking_E-node-2137	1071847.273	1059201.499	0.185
Parking_E-MH-1695-2	1071854.032	1059575.628	0.96
SAimp_E-node-2137	1071882.273	1059176.499	0.191
SAimp_E-MH-1695-2	1071889.032	1059550.628	0.508
Parking_4980-1	1071912.161	1057821.993	0.62
SAimp_4980-1	1071947.161	1057796.993	0.728
Parking_E-MH-2139	1072000.64	1060937.17	1.974
Parking_5079	1072007.206	1058876.893	1.486
Parking_E-node-1795	1072034.652	1060460.421	0.525
SAimp_E-MH-2139	1072035.64	1060912.17	1.027
SAimp_5079	1072042.206	1058851.893	0.719
SAimp_E-MH-8752	1072051.532	1057187.171	0.744
Parking_E-MH-8804	1072066.842	1058044.818	0.437
SAimp_E-node-1795	1072069.652	1060435.421	0.423
Parking_E-MH-1794	1072123.67	1057665.474	0.474
Parking_5006	1072128.214	1060028.643	0.598
Parking_E-MH-8802	1072133.347	1057462.754	0.584
Parking_E-node-1817	1072150.582	1059614.575	1.726
SAimp_E-MH-1794	1072158.67	1057640.474	0.158
Parking_4974	1072162.062	1058265.753	1.019
SAimp_5006	1072163.214	1060003.643	0.381
SAimp_E-MH-8802	1072168.347	1057437.754	0.322
SAimp_E-node-1817	1072185.582	1059589.575	0.527
SAimp_4974	1072197.062	1058240.753	0.522
SAimp_5062	1072244.597	1058486.876	0.314
Parking_E-MH-8805-4	1072305.365	1057804.661	0.705
SAimp_E-MH-8805-4	1072340.365	1057779.661	0.15
Parking_5056	1072398.749	1058938.634	1.27
Parking_E-node-1819	1072409.848	1060536.808	2.278
SAimp_5056	1072433.749	1058913.634	0.633
SAimp_E-node-1819	1072444.848	1060511.808	0.844
SAimp_E-MH-8805-3	1072487.965	1058117.659	0.267
Parking_5449	1072538.035	1058379.101	0.526
SAimp_E-node-1818	1072539.897	1060031.897	0.689
SAimp_E-MH-8805-2	1072564.793	1057854.458	0.208
SAimp_5449	1072573.035	1058354.101	0.216
Parking_5056-2	1072590.99	1058637.606	0.475
SAimp_5056-2	1072625.99	1058612.606	0.316
SAimp_5056-1	1072712.178	1059207.193	0.778
SAimp_E-MH-8753	1072749.429	1057229.612	0.772
SAimp_E-MH-2121	1072766.927	1058293.873	0.117
Parking_E-MH-8802-1	1072846.088	1057485.212	1.418
SAimp_E-MH-8802-1	1072881.088	1057460.212	0.632
Parking_4945	1072892.049	1059715.84	1.875
SAimp_E-MH-2136	1072921.793	1060860.192	0.665
SAimp_4945	1072927.049	1059690.84	1.749
Parking_E-MH-2120-1	1072966.826	1057965.495	1.43
Parking_4939-1	1072980.816	1060272.905	0.795
SAimp_E-MH-2120-1	1073001.826	1057940.495	0.285
SAimp_4939-1	1073015.816	1060247.905	0.78
SAimp_E-MH-2120	1073023.896	1058304.102	0.123
SAimp_4937-1	1073073.945	1060572.418	0.285
SAimp_5046	1073160.25	1058880.049	0.452
SAimp_4957	1073171.065	1058523.838	0.606
Parking_E-MH-2108	1073177.509	1060458.759	0.218
SAimp_E-MH-2108	1073212.509	1060433.759	0.618
Parking_4935	1073235.123	1060898.472	0.185
SAimp_4935	1073270.123	1060873.472	0.462
SAimp_E-MH-2119	1073303.167	1058288.718	0.137
SAimp_4949	1073312.849	1059207.629	0.652
Parking_E-MH-8802-2	1073328.942	1057456.378	1.739
SAimp_E-MH-8802-2	1073363.942	1057431.378	0.488
Parking_E-MH-1715-2	1073467.913	1057875.957	0.405
SAimp_4953-1	1073481.852	1058708.28	0.191
SAimp_4941	1073486.617	1059728.504	0.145
SAimp_E-MH-1715-2	1073502.913	1057850.957	0.511
SAimp_4941-1	1073544.465	1060031.118	0.302
SAimp_4937-2	1073565.418	1060675.724	0.26
SAimp_E-MH-19561	1073613.376	1057300.239	0.16
SAimp_E-node-1812	1073658.336	1061084.333	0.141
SAimp_4945-2	1073727.807	1059509.65	0.16
SAimp_E-node-2164-4	1073833.338	1063280.994	0.22
Parking_3653	1073843.799	1061221.802	0.584
Parking_4949-2	1073857.69	1059198.293	0.146
SAimp_3653-1	1073869.002	1061385.11	0.134
SAimp_4957-1	1073870.488	1058453.99	0.613
SAimp_E-MH-19561-1	1073874.021	1057553.039	0.558
SAimp_3653	1073878.799	1061196.802	0.156
SAimp_4949-2	1073892.69	1059173.293	0.607
SAimp_E-MH-2110	1073900.896	1059826.072	0.63
SAimp_5094	1073922.251	1058941.866	0.215
SAimp_4945-1	1073929.134	1059524.388	0.139
Parking_E-MH-1715-1	1073940.155	1057965.695	0.787
SAimp_5104	1073953.909	1060134.339	0.265
SAimp_5094-2	1073963.044	1058756.605	0.259
SAimp_5104-1	1073965.551	1060287.487	0.219
SAimp_E-node-1754	1073967.041	1060945.268	0.298
SAimp_E-MH-1715-1	1073975.155	1057940.695	1.369
SAimp_E-node-2164-5	1074103.176	1063562.367	0.525
SAimp_5125-1	1074179.836	1061327.751	0.145
SAimp_4937	1074181.059	1060481.497	0.649
Parking_5125	1074220.371	1061148.208	0.154
Parking_E-MH-2177	1074222.814	1062953.209	1.992
SAimp_5125	1074255.371	1061123.208	0.249
SAimp_E-MH-2177	1074257.814	1062928.209	0.77
SAimp_E-node-2164-1	1074259.696	1063383.316	0.106
Parking_E-node-1753	1074271.423	1060778.496	0.225
SAimp_E-MH-2188-3	1074296.628	1059362.771	0.25
SAimp_5146	1074296.729	1061646.642	0.28
SAimp_5146-1	1074296.729	1061646.642	0.28
SAimp_E-node-1753	1074306.423	1060753.496	0.547
SAimp_4953-2	1074315.275	1058405.361	0.569
SAimp_5142-2	1074318.772	1062059.179	0.244
SAimp_E-MH-2188-1	1074321.574	1059664.956	0.268
Parking_E-node-2164-2	1074330.604	1063550.467	0.326
SAimp_5097	1074331.346	1060029.752	0.249
SAimp_E-MH-2186-1	1074341.423	1060353.599	0.155
SAimp_E-MH-1715-3	1074359.204	1057928.131	0.2
SAimp_E-node-2164-2	1074365.604	1063525.467	0.156
Parking_E-MH-2186	1074400.718	1060693.034	0.345
SAimp_5146-2	1074416.713	1061590.146	0.153
SAimp_5142-1	1074429.322	1062084.2	0.155
SAimp_E-MH-2186	1074435.718	1060668.034	0.212
SAimp_E-MH-2189	1074453.15	1059047.388	0.34
SAimp_E-node-2164-3	1074489.159	1063774.646	0.179
SAimp_4939	1074554.439	1060189.577	0.216
SAimp_4962	1074611.776	1063925.074	0.113
SAimp_4965	1074633.277	1063091.601	0.817
Parking_E-MH-1715	1074652.876	1058139.956	0.862
SAimp_E-MH-1715	1074687.876	1058114.956	0.237
SAimp_5169	1074697.557	1058557.577	0.273
SAimp_4953	1074721.619	1058899.318	0.225
SAimp_E-MH-2188	1074776.141	1059511.214	0.532
Parking_E-MH-2118	1074844.286	1063149.87	0.424
SAimp_4949-1	1074846.194	1059178.215	0.442
SAimp_E-MH-2118	1074879.286	1063124.87	0.822
Parking_E-node-904-2	1075028.982	1063015.595	0.25
SAimp_E-node-904-2	1075063.982	1062990.595	0.412
SAimp_E-node-1747	1075070.116	1059841.489	1.029
SAimp_E-node-904-1	1075178.38	1063057.343	0.266
Parking_5268	1075254.259	1060485.461	0.255
SAimp_5270	1075255.737	1060165.695	0.829
SAimp_5268	1075289.259	1060460.461	0.812
Parking_E-node-3768	1075295.226	1061367.447	0.102
SAimp_E-MH-1699-2	1075296.611	1063295.583	0.227
SAimp_E-node-2168	1075328.145	1062741.2	0.513
SAimp_E-node-3768	1075330.226	1061342.447	0.172
SAimp_E-MH-17567	1075369.097	1067760.751	1.422
Parking_5280-2	1075380.754	1058859.864	0.159
Parking_E-node-1815	1075389.14	1060907.328	0.113
SAimp_5280-2	1075415.754	1058834.864	0.524
SAimp_E-node-1815	1075424.14	1060882.328	0.277
Parking_E-node-1816	1075469.742	1060727.11	0.759
SAimp_4997-1	1075479.643	1063835.704	0.482
SAimp_5276	1075496.749	1059468.535	0.61
SAimp_E-node-1816	1075504.742	1060702.11	0.75
Parking_3193	1075533.772	1065961.818	0.12
SAimp_5278	1075551.784	1059103.828	0.772
Parking_5280-3	1075552.739	1058330.294	0.525
Parking_E-node-1813	1075567.381	1061111.775	0.465
SAimp_3193	1075568.772	1065936.818	1.351
SAimp_E-node-905-1	1075580.206	1062899.73	0.118
SAimp_5280-3	1075587.739	1058305.294	0.768
SAimp_E-node-1813	1075602.381	1061086.775	1.044
SAimp_E-node-905-2	1075611.228	1063335.888	0.4
Parking_E-node-1573-1	1075615.916	1065238.473	0.435
Parking_E-node-1577-1	1075616.296	1067068.89	7.515
SAimp_E-node-1573-1	1075650.916	1065213.473	0.931
SAimp_E-node-1577-1	1075651.296	1067043.89	0.457
SAimp_E-node-2173-2	1075658.786	1064053.007	0.288
Parking_4004-3	1075705.334	1064268.171	0.592
Parking_5272	1075705.589	1059962.824	0.301
SAimp_4004-3	1075740.334	1064243.171	0.167
Parking_3199-2	1075741.098	1066163.813	0.231
Parking_E-node-1573-2	1075741.711	1064633.497	0.308
SAimp_5274	1075765.693	1059658.781	0.144
SAimp_E-node-1561-1	1075767.176	1063223.973	0.22
SAimp_5110-2	1075771.099	1062717.363	0.306
SAimp_E-node-1573-2	1075776.711	1064608.497	0.331
SAimp_5108-3	1075802.1	1063673.289	0.15
Parking_5262-1	1075809.623	1061609.533	0.4
Parking_3882	1075843.972	1059644.729	0.11
SAimp_5262-1	1075844.623	1061584.533	0.598
SAimp_E-node-162	1075853.102	1061858.135	0.202
Parking_4017	1075872.229	1062119.172	0.997
SAimp_3882	1075878.972	1059619.729	0.108
Parking_4004-2	1075886.911	1064303.74	0.379
Parking_5110-1	1075906.263	1062599.015	0.245
SAimp_4017	1075907.229	1062094.172	0.636
SAimp_4004-2	1075921.911	1064278.74	0.103
Parking_3199-1	1075922.026	1066280.244	1.879
SAimp_3511-1	1075922.631	1068062.374	0.435
SAimp_E-node-1561-2	1075936.099	1063178.897	0.124
SAimp_5110-1	1075941.263	1062574.015	0.167
SAimp_E-node-2173-1	1075942.728	1063990.867	0.131
SAimp_3199-1	1075957.026	1066255.244	0.736
SAimp_E-node-2110-2	1075960.93	1063804.975	0.115
SAimp_3880	1075961.55	1060050.312	0.402
SAimp_5264-1	1075970.787	1061287.016	0.136
SAimp_5108-1	1075979.827	1063510.683	0.1
Parking_E-MH-2170	1076013.712	1062917.184	0.126
Parking_3884	1076025.642	1059516.601	0.254
SAimp_3292	1076032.917	1064913.933	0.301
SAimp_E-node-2170	1076038.151	1064737.862	0.273
SAimp_E-MH-2170	1076048.712	1062892.184	0.297
SAimp_5262	1076055.607	1061653.055	0.159
Parking_3873	1076055.86	1060763.906	0.973
SAimp_3884	1076060.642	1059491.601	0.286
Parking_3877	1076063.463	1060445.389	1.004
SAimp_5264-2	1076067.901	1061391.672	0.103
SAimp_E-node-1561-3	1076072.583	1063356.019	0.165
SAimp_3873	1076090.86	1060738.906	0.494
SAimp_3494-1	1076093.344	1067415.96	2.489
SAimp_3877	1076098.463	1060420.389	0.442
Parking_E-node-1553	1076098.819	1059850.076	0.2
Parking_5110-3	1076100.52	1063096.414	0.213
SAimp_E-node-1612-2	1076109.258	1062505.999	0.441
SAimp_3869	1076109.448	1060932.746	0.117
SAimp_5264	1076113.326	1061101.176	0.196
SAimp_E-MH-10415-2	1076124.808	1064600.949	0.156
SAimp_E-node-1553	1076133.819	1059825.076	0.426
SAimp_5110-3	1076135.52	1063071.414	0.14
SAimp_E-MH-10415-1	1076136.116	1064433.323	0.268
Parking_4004-1	1076140.842	1064159.717	0.335
SAimp_E-node-1612-4	1076153.821	1061994.102	0.135
SAimp_E-node-2110-1	1076170.571	1063802.883	0.21
SAimp_E-MH-10132	1076173.105	1061449.291	0.111
SAimp_4004-1	1076175.842	1064134.717	0.33
Parking_E-node-1571-2	1076177.993	1065162.099	0.101
SAimp_E-node-1572-1	1076184.963	1065434.572	0.501
Parking_3494-2	1076212.948	1067111.733	0.358
SAimp_E-node-1571-2	1076212.993	1065137.099	0.581
SAimp_E-MH-1775	1076244.937	1059219.493	0.584
SAimp_3494-2	1076247.948	1067086.733	0.363
SAimp_E-MH-10102	1076261.795	1061289.411	0.139
Parking_3511-2	1076268.674	1067665.524	0.136
Parking_E-node-1612-1	1076270.677	1062264.33	0.238
SAimp_E-node-1548	1076299.492	1061936.745	0.383
SAimp_E-node-1570-2	1076302.955	1065644.669	0.276
SAimp_3511-2	1076303.674	1067640.524	1.977
SAimp_E-node-1612-1	1076305.677	1062239.33	0.411
Parking_E-node-1569-2	1076324.234	1065856.709	0.177
SAimp_E-node-1577-2	1076331.275	1066378.24	0.262
Parking_5280-1	1076338.931	1058616.936	2.146
SAimp_E-MH-10136	1076345.292	1061606.304	0.142
SAimp_E-node-1569-2	1076359.234	1065831.709	0.351
SAimp_5280-1	1076373.931	1058591.936	1.347
SAimp_E-MH-10165-2	1076392.99	1060246.365	0.165
SAimp_E-MH-10102-1	1076438.415	1061142.126	0.463
SAimp_E-MH-10166	1076439.813	1060089.593	0.167
SAimp_E-node-4977-4	1076490.082	1062205.009	0.162
SAimp_E-MH-10414	1076529.687	1064589.452	0.118
SAimp_E-MH-10185	1076540.709	1059774.424	0.256
Parking_E-node-1576-1	1076543.283	1066800.166	0.132
SAimp_5284-1	1076557.338	1063534.006	0.505
Parking_E-node-1579-2	1076565.172	1066142.053	0.862
SAimp_E-node-1576-1	1076578.283	1066775.166	0.48
SAimp_E-node-2108-1	1076581.352	1063798.334	0.355
SAimp_5297-1	1076590.457	1059240.64	0.639
SAimp_3295	1076609.239	1064816.576	0.71
SAimp_E-MH-10419	1076614.355	1064448.076	0.143
SAimp_E-MH-1548	1076627.609	1061732.982	0.465
SAimp_SPP334A	1076627.81	1064251.762	0.457
SAimp_E-node-1576-2	1076638.657	1066569.984	0.289
SAimp_E-MH-10272	1076644.485	1063053.409	0.464
SAimp_E-MH-10101	1076646.745	1061020.947	0.251
SAimp_E-node-1575	1076665.001	1066448.191	0.206
SAimp_E-MH-10133	1076695.644	1061443.589	0.212
SAimp_E-MH-10329-2	1076698.719	1063304.227	0.225
SAimp_E-node-4977-3	1076699.833	1062417.295	0.59
SAimp_E-MH-10328	1076703.82	1063173.046	0.197
SAimp_E-MH-19613-2	1076729.03	1064019.503	0.154
SAimp_E-MH-2149	1076729.167	1060465.663	0.544
SAimp_E-MH-10198	1076741.049	1060767.816	0.539
SAimp_E-MH-10165-1	1076746.896	1060047.494	0.114
SAimp_E-MH-10100-1	1076769.615	1061253.672	0.14
SAimp_E-MH-10290	1076771.215	1062885.726	0.239
SAimp_E-node-1572-2	1076775.52	1065435.011	0.433
SAimp_E-node-4977-2	1076778.205	1062750.524	0.335
Parking_4025-1	1076789.281	1062074.387	0.69
SAimp_E-node-1571-1	1076812.871	1065144.316	0.385
SAimp_4025-1	1076824.281	1062049.387	0.211
SAimp_E-node-1570-1	1076830.524	1065638.999	0.112
Parking_3408-1	1076836.26	1067010.123	0.234
SAimp_3299-3	1076838.732	1064576.201	0.1
SAimp_E-node-1578-1	1076860.934	1066320.061	0.238
SAimp_3408-1	1076871.26	1066985.123	0.258
SAimp_E-node-4977	1076873.505	1062611.205	0.282
SAimp_E-MH-1777	1076884.792	1059180.109	0.475
SAimp_E-MH-10100	1076890.252	1061044.78	0.317
SAimp_4025	1076894.073	1062201.599	0.257
SAimp_E-node-1569-1	1076924.176	1065839.176	0.22
Parking_3330	1076927.023	1066689.294	0.211
SAimp_E-MH-10184	1076932.001	1059807.023	0.119
SAimp_E-MH-10165	1076953.12	1060095.9	0.183
SAimp_5297	1076960.956	1059530.599	0.121
SAimp_3330	1076962.023	1066664.294	2.046
SAimp_3511-4	1076970.33	1067609.908	1.204
SAimp_E-node-1578-2	1076998.954	1066227.625	0.204
Parking_3299-1	1077009.136	1064514.303	0.432
SAimp_3299-1	1077044.136	1064489.303	0.574
SAimp_E-MH-10099	1077048.262	1061187.179	0.357
SAimp_3249	1077082.779	1066735.671	0.142
SAimp_E-node-1567	1077089.618	1059932.671	0.156
SAimp_3247	1077120.971	1066432.4	0.323
SAimp_E-node-2108-3	1077131.775	1063733.147	0.408
SAimp_E-MH-10223	1077147.449	1059155.809	0.322
SAimp_E-MH-19613-1	1077150.221	1064014.221	0.105
Parking_3408-2	1077150.693	1067263.123	3.369
SAimp_E-node-1546	1077151.522	1061990.843	0.146
SAimp_E-MH-10223-1	1077158.076	1058875.36	0.127
Parking_3434	1077182.3	1064261.277	0.774
SAimp_3408-2	1077185.693	1067238.123	0.985
SAimp_3948	1077201.412	1061060.351	0.192
SAimp_3434	1077217.3	1064236.277	0.125
SAimp_E-MH-10110	1077227.044	1061459.214	0.11
SAimp_E-MH-10329-1	1077227.607	1063293.86	0.117
SAimp_3953	1077231.092	1060374.785	0.351
SAimp_3951	1077236.999	1060720.177	0.413
Parking_E-MH-1901	1077238.239	1061698.907	0.556
SAimp_E-MH-10341-3	1077241.672	1063563.325	0.109
SAimp_3301-3	1077248.051	1065131.276	0.339
SAimp_3958	1077250.266	1060063.783	0.286
SAimp_E-MH-10323	1077259.382	1063149.52	0.168
SAimp_E-MH-1901	1077273.239	1061673.907	0.16
SAimp_4042-1	1077273.646	1062189.521	0.136
SAimp_E-MH-10341-1	1077274.24	1063418.568	0.197
SAimp_4042	1077276.867	1062317.873	0.164
SAimp_E-node-1546-1	1077277.088	1061874.137	0.147
SAimp_E-node-4972-3	1077281.045	1063014.9	0.121
SAimp_3948-1	1077284.272	1061283.118	0.155
SAimp_3963	1077289.546	1059428.427	0.174
SAimp_4042-2	1077305.306	1062053.483	0.11
SAimp_3456-1	1077305.356	1066607.785	0.226
Parking_E-MH-15667	1077308.701	1066033.074	0.274
SAimp_3937-2	1077312.643	1062490.792	0.17
SAimp_E-node-4972-2	1077321.227	1062861.722	0.175
SAimp_E-MH-15667	1077343.701	1066008.074	0.542
SAimp_3229-2	1077383.884	1065417.495	0.513
Parking_SPP335A-2	1077402.192	1064473.451	0.506
SAimp_SPP335A-2	1077437.192	1064448.451	0.418
SAimp_3301-1	1077439.564	1064792.429	0.544
SAimp_E-MH-10464	1077443.372	1065699.21	0.611
SAimp_E-MH-10212-2	1077446.453	1059130.846	0.415
SAimp_RO-RILEY-1	1077446.727	1059955.282	0.248
SAimp_3453-2	1077491.903	1066425.697	0.1
Parking_3412-2	1077568.314	1067244.035	6.079
SAimp_3301-4	1077568.954	1065094.419	0.19
SAimp_3456-2	1077569	1066579.544	0.176
SAimp_3243-2	1077571.023	1066196.453	0.793
Parking_E-MH-626	1077584.882	1067866.874	0.664398
SAimp_SPP335A-1	1077591.861	1064133.087	0.183
SAimp_3412-2	1077603.314	1067219.035	0.24
Parking_3923	1077642.217	1063755.847	0.389
SAimp_3453-3	1077655.64	1066315.937	0.26
Parking_3939-1	1077675.995	1062082.665	0.406
SAimp_3923	1077677.217	1063730.847	0.411
SAimp_E-node-1565	1077698.3	1064448.358	0.205
SAimp_3939-1	1077710.995	1062057.665	0.463
Parking_E-MH-5927-3	1077724.995	1058995.901	1.453
SAimp_E-MH-10439	1077731.789	1065234.389	0.109
SAimp_E-MH-10355	1077735.549	1063431.837	0.371
SAimp_5349	1077738.631	1061899.894	0.458
SAimp_E-MH-17862	1077757.244	1065859.889	0.227
SAimp_3937-1	1077770.053	1062406.978	0.423
Parking_3960	1077789.716	1059736.084	0.253
SAimp_3229-1	1077797.441	1065518.28	0.113
SAimp_5349-1	1077804.016	1061731.348	0.226
Parking_5347-1	1077804.238	1061462.29	0.165
SAimp_E-node-4970-1	1077812.549	1063146.502	0.237
SAimp_SPP247	1077814.082	1064069.655	0.141
Parking_E-MH-10212-1	1077824.141	1059434.998	0.69
SAimp_3960	1077824.716	1059711.084	1.146
SAimp_E-node-4970-2	1077834.861	1063284.616	0.229
SAimp_3243-1	1077836.693	1066152.914	0.126
SAimp_5347-1	1077839.238	1061437.29	0.532
SAimp_3453-1	1077844.19	1066328.718	0.107
SAimp_3303-2	1077853.461	1065248.252	0.31
SAimp_E-MH-10212-1	1077859.141	1059409.998	0.463
SAimp_E-node-4972-1	1077862.293	1062862.759	0.311
Parking_3412-1	1077868.27	1067103.082	2.545
SAimp_E-node-4971-1	1077871.217	1062726.27	0.258
SAimp_E-MH-684-3	1077871.861	1065941.827	0.941
SAimp_E-node-4971-2	1077885.163	1062592.852	0.208
SAimp_5347	1077891.158	1061599.916	0.481
SAimp_E-node-4972-4	1077893.133	1063009.136	0.326
SAimp_E-MH-10098	1077897.594	1061131.224	1.432
SAimp_3303-1	1077898.217	1064841.127	0.133
SAimp_3412-1	1077903.27	1067078.082	0.12
SAimp_3305-1	1077908.319	1064697.082	0.122
SAimp_RO-UTICA	1077917.751	1060740.099	1.063
SAimp_3211	1077942.548	1064486.031	0.451
Parking_3418-4	1077950.408	1067926.604	9.3
SAimp_RO-LAND	1077959.602	1060426.352	0.963
SAimp_E-MH-4692	1077971.508	1064108.503	0.157
SAimp_RO-RILEY	1077987.54	1060092.047	0.731
SAimp_E-MH-684-2	1078027.107	1066005.958	0.25
SAimp_E-node-1574-2	1078028.414	1065104.912	0.406
Parking_3418-2	1078106.39	1066804.37	0.273
SAimp_E-MH-1687-2	1078126.687	1062041.597	0.144
SAimp_3418-2	1078141.39	1066779.37	0.254
SAimp_15527-2	1078177.982	1064372.277	0.275
Parking_E-MH-10525-1	1078199.429	1066578.16	0.44
SAimp_E-MH-713-2	1078207.237	1065267.098	0.719
SAimp_E-MH-10525-1	1078234.429	1066553.16	1.179
SAimp_E-MH-1687	1078238.533	1062176.645	0.286
SAimp_E-node-2112-1	1078269.118	1062383.174	0.191
SAimp_E-MH-684-1	1078283.65	1065987.132	0.212
SAimp_E-node-1574-1	1078284.391	1064835.261	0.203
SAimp_E-node-2108-2	1078304.549	1063668.319	1.155
SAimp_E-node-2112-3	1078308.941	1061804.934	0.209
SAimp_3307	1078330.816	1064697.356	0.169
SAimp_E-MH-1473-2	1078338.739	1065713.577	0.208
SAimp_E-MH-10525-2	1078399.587	1066262.72	0.738
SAimp_15527-1	1078415.817	1064298.842	1.137
SAimp_E-MH-1687-1	1078437.413	1062043.897	0.163
SAimp_E-node-2112-4	1078493.032	1062816.997	1.469
SAimp_KSWW9	1078499.769	1065295.781	3.821
SAimp_E-node-2112-5	1078537.773	1061172.188	1.758
SAimp_3418-1	1078542.216	1066772.633	0.509
SAimp_E-MH-1473-1	1078615.12	1065684.04	0.408
SAimp_E-MH-713-1	1078673.325	1064752.716	0.403
SAimp_E-MH-1798	1078677.018	1063118.782	0.567
SAimp_4060	1078678.271	1061233.5	2.971
SAimp_E-MH-20291	1078678.909	1063392.078	0.474
SAimp_4060-1	1078681.18	1062565.34	1.515
SAimp_E-MH-20290	1078685.012	1063778.776	1.077
SAimp_KSWW7	1078700.836	1064411.585	1.851
Parking_E-node-1536	1078783.016	1061672.124	0.111
SAimp_E-MH-10051	1078783.143	1061943.135	0.257
Parking_E-MH-10052	1078797.372	1061247.471	0.144
Parking_4392	1078804.162	1063269.459	0.221
SAimp_E-node-1538-1	1078808.11	1060901.004	0.253
SAimp_E-node-1536	1078818.016	1061647.124	0.178
SAimp_3465-2	1078818.842	1063467.893	0.181
SAimp_E-node-1537	1078819.144	1061407	0.118
SAimp_4312	1078819.275	1062253.303	0.245
SAimp_E-MH-1475	1078830.367	1062843.609	0.149
SAimp_E-MH-10052	1078832.372	1061222.471	0.193
SAimp_4339	1078832.475	1062546.096	0.122
SAimp_E-MH-1475-1	1078832.789	1063030.746	0.126
SAimp_4392	1078839.162	1063244.459	0.144
SAimp_KSWW6	1078856.34	1065073.174	1.03
SAimp_3465-1	1078882.679	1063847.781	0.919
Parking_SPP165B	1078886.253	1064647.922	0.242
SAimp_SPP165B	1078921.253	1064622.922	0.101
SAimp_E-MH-10379-1	1078939.674	1062697.056	0.275
SAimp_E-ADDED-E-12097-2-1	1078984.526	1064437.871	0.188
SAimp_4153-1	1078993.834	1064765.494	0.338
SAimp_E-MH-10038-2	1079002.066	1060151.443	0.175
Parking_E-MH-9974-1	1079005.061	1061888.136	0.246
SAimp_E-MH-9974-1	1079040.061	1061863.136	0.164
SAimp_E-MH-9974	1079049.42	1061715.261	0.191
SAimp_E-ADDED-E-12097-2-2	1079052.154	1064209.54	0.303
SAimp_E-node-1562-2	1079061.524	1063485.899	0.251
SAimp_3424	1079074.382	1066786.879	0.251
SAimp_E-MH-10379	1079082.914	1063069.72	0.354
SAimp_E-MH-9995	1079091.263	1060983.526	0.179
SAimp_E-MH-20286	1079107.349	1065574.28	1.314
SAimp_E-MH-10672-4	1079124.207	1067834.707	0.276
SAimp_E-MH-10005	1079179.83	1060648.335	0.65
Parking_4143-1	1079191.292	1064631.332	0.133
SAimp_E-MH-10672-3	1079191.427	1067367.957	0.239
SAimp_E-MH-10678	1079197.03	1066997.009	0.238
Parking_E-MH-1482-1	1079242.631	1063926.749	0.293
Parking_E-MH-9995-1	1079243.349	1061166.029	0.356
Parking_4066	1079253.413	1062117.204	0.123
Parking_3443	1079263.998	1062418.199	0.103
SAimp_E-MH-10005-2	1079273.853	1060820.945	0.396
SAimp_E-node-1562-1	1079275.452	1063647.059	0.151
SAimp_E-MH-1482-1	1079277.631	1063901.749	0.346
SAimp_E-MH-9995-1	1079278.349	1061141.029	0.344
SAimp_4066	1079288.413	1062092.204	0.963
SAimp_E-MH-9985-1	1079298.764	1061563.709	0.399
SAimp_3443	1079298.998	1062393.199	0.767
SAimp_E-MH-9985	1079317.509	1061384.065	0.339
Parking_4153	1079347.17	1065221.747	5.394
SAimp_E-MH-10672-1	1079358.292	1068109.042	0.229
SAimp_E-MH-10379-2	1079364.237	1062663.664	0.432
SAimp_E-MH-10005-1	1079375.555	1060421.42	0.272
SAimp_4153	1079382.17	1065196.747	0.326
Parking_E-MH-10038	1079448.821	1060099.392	0.421
SAimp_E-ADDED-E-3487-2-2	1079456.561	1063302.033	0.509
Parking_E-MH-10672-2	1079462.545	1067782.395	0.405
SAimp_E-node-2106-1	1079483.301	1061856.246	0.173
SAimp_E-MH-10038	1079483.821	1060074.392	1.743
Parking_12074	1079496.988	1067070.333	2.2
SAimp_E-MH-10672-2	1079497.545	1067757.395	0.546
SAimp_E-node-2106	1079498.395	1061705.279	0.219
SAimp_E-node-1538	1079531.297	1060974.5	0.16
SAimp_KSWW4	1079531.624	1065995.322	2.457
SAimp_12074	1079531.988	1067045.333	0.397
Parking_4143	1079575.988	1064787.688	0.543
Parking_12076	1079605.48	1066610.864	0.611
SAimp_4143	1079610.988	1064762.688	0.257
SAimp_12076	1079640.48	1066585.864	0.315
Parking_3482-1	1079648.287	1064272.281	0.113
SAimp_3482-1	1079683.287	1064247.281	1.617
SAimp_2438-4	1079706.8	1062802.688	0.227
SAimp_1645DWF1-1	1079713.197	1065754.441	0.26
Parking_1645DWF1-2	1079718.635	1065119.154	0.14
SAimp_2438-3	1079722.203	1063253.038	0.328
SAimp_E-MH-1833-1	1079725.245	1067207.868	0.455
Parking_E-MH-10040	1079726.86	1061267.771	0.354
Parking_4086	1079739.165	1061810.719	0.163
SAimp_4086-2	1079752.709	1062403.131	0.273
SAimp_1645DWF1-2	1079753.635	1065094.154	0.414
SAimp_E-MH-10040	1079761.86	1061242.771	0.285
SAimp_4086	1079774.165	1061785.719	0.325
Parking_E-MH-1836-2	1079818.835	1067018.075	0.222
Parking_E-MH-1767	1079851.615	1066643.412	0.293
SAimp_E-MH-1836-2	1079853.835	1066993.075	0.129
Parking_4086-1	1079885.479	1062349.199	0.186
SAimp_E-MH-1767	1079886.615	1066618.412	0.23
Parking_1645DWF1	1079890.918	1065016.629	0.603
SAimp_E-MH-1629	1079896.267	1061408.721	0.129
SAimp_4086-1	1079920.479	1062324.199	0.214
SAimp_1645DWF1	1079925.918	1064991.629	0.185
Parking_SPP164	1079953.676	1064766.263	0.188
SAimp_2438-2	1079956.21	1062730.434	0.189
Parking_E-MH-1633-1	1079968.962	1060614.236	1.122
Parking_3845	1079976.346	1062044.072	0.897
SAimp_SPP164	1079988.676	1064741.263	0.336
SAimp_E-MH-1633-1	1080003.962	1060589.236	1.406
SAimp_3845	1080011.346	1062019.072	0.428
Parking_E-MH-1833-2	1080023.133	1067008.485	0.129
SAimp_E-MH-1839	1080037.777	1067460.816	0.289
Parking_2438-1	1080040.298	1063204.414	0.204
Parking_4850	1080043.919	1066877.665	0.103
SAimp_E-MH-1836-1	1080055.997	1067174.73	0.428
SAimp_E-MH-1833-2	1080058.133	1066983.485	0.36
SAimp_2438-1	1080075.298	1063179.414	0.31
SAimp_4850	1080078.919	1066852.665	0.302
SAimp_E-MH-10675-1	1080089.235	1067709.406	0.199
Parking_E-MH-10675-2	1080220.034	1067623.269	0.462
Parking_E-MH-9754-1	1080248.756	1061334.231	0.162
SAimp_E-MH-10675-2	1080255.034	1067598.269	0.108
SAimp_E-MH-9754-1	1080283.756	1061309.231	0.297
SAimp_3854	1080303.513	1061457.492	0.273
SAimp_E-MH-9763	1080303.946	1061599.583	0.262
Parking_3850	1080339.883	1061795.291	0.726
SAimp_E-MH-1633-2	1080347.857	1061129.771	0.26
SAimp_3488-1	1080350.163	1064157.088	0.859
Parking_3664	1080361.72	1065303.131	0.913
SAimp_3850	1080374.883	1061770.291	0.838
SAimp_3664	1080396.72	1065278.131	0.975
Parking_E-node-2105	1080451.708	1062565.871	0.422
SAimp_4375-1	1080461.278	1060792.757	0.155
SAimp_E-MH-1764-2	1080462.006	1066850.08	3.703
Parking_4097	1080480.111	1066206.398	2.875
SAimp_4372-1	1080481.579	1060927.569	0.128
SAimp_E-node-2105	1080486.708	1062540.871	0.588
SAimp_E-MH-2085	1080488.564	1067097.196	0.187
SAimp_4097	1080515.111	1066181.398	2.015
Parking_4198	1080516.841	1064924.29	0.679
SAimp_4198	1080551.841	1064899.29	0.551
Parking_E-MH-10679	1080610.383	1067867.487	0.111
SAimp_4209	1080634.638	1064630.641	0.146
SAimp_E-MH-10679	1080645.383	1067842.487	1.103
Parking_E-MH-9869	1080675.599	1059726.432	0.959
SAimp_E-MH-9869	1080710.599	1059701.432	0.618
Parking_E-MH-1735	1080713.509	1062326.787	0.683
Parking_E-MH-10697	1080727.926	1067527.202	0.768
SAimp_E-node-2114	1080743.572	1060066.28	0.598
SAimp_E-MH-1735	1080748.509	1062301.787	0.283
SAimp_E-MH-10697	1080762.926	1067502.202	0.761
Parking_E-node-2263-1	1080800.51	1064154.37	0.201
SAimp_E-node-1526	1080827	1060631.996	0.631
SAimp_E-node-1527	1080832.845	1060462.615	0.608
SAimp_E-node-2263-1	1080835.51	1064129.37	0.508
Parking_E-MH-1951	1080869.208	1065552.971	1.646
SAimp_E-MH-9865	1080875.307	1059877.661	0.807
SAimp_4295	1080878.178	1060260.84	0.69
SAimp_E-node-2263-2	1080891.613	1064591.835	0.157
SAimp_3488-2	1080955.329	1063267.869	0.409
Parking_3495	1080970.183	1063429.124	0.309
SAimp_3495	1081005.183	1063404.124	0.14
SAimp_E-MH-1889-1	1081022.13	1061769.624	0.197
Parking_E-MH-1764-1	1081033.134	1066859.412	1.791
Parking_E-MH-1736	1081044.851	1062311.341	0.873
SAimp_E-MH-1736	1081079.851	1062286.341	0.339
SAimp_4372	1081093.4	1060935.549	0.334
SAimp_3504-2	1081104.991	1064597.687	0.16
SAimp_4212	1081105.229	1064771.961	0.182
SAimp_4375	1081115.113	1060790.762	0.369
Parking_3504-1	1081120.034	1063744.628	1.056
SAimp_3504-1	1081155.034	1063719.628	1.079
SAimp_4370	1081209.656	1061295.85	0.263
SAimp_4368	1081226.718	1061585.251	0.214
SAimp_E-node-1521	1081241.254	1061107.328	0.402
SAimp_E-MH-9924-3	1081244.869	1064203.022	0.253
SAimp_E-node-1528	1081258.003	1061442.131	0.323
SAimp_E-MH-2087	1081328.353	1067544.648	0.667
SAimp_E-MH-9924-1	1081356.543	1064641.079	0.143
SAimp_E-MH-19593-1	1081366.291	1067403.382	1.159
Parking_E-MH-9924-2	1081366.999	1064081.379	1.051
Parking_E-node-882	1081374.755	1062373.192	0.695
SAimp_E-MH-9924-2	1081401.999	1064056.379	0.513
Parking_4213	1081403.979	1065107.554	0.582
SAimp_E-MH-1889	1081408.12	1061767.44	0.425
SAimp_E-node-882	1081409.755	1062348.192	0.416
SAimp_4213	1081438.979	1065082.554	0.692
Parking_E-MH-9923-3	1081475.87	1064267.093	0.144
SAimp_E-MH-9923-3	1081510.87	1064242.093	0.248
Parking_E-MH-9923-4	1081537.181	1063417.637	0.192
SAimp_E-MH-9923-4	1081572.181	1063392.637	0.423
Parking_E-MH-9923-2	1081610.965	1064110.698	0.149
SAimp_E-MH-9923-2	1081645.965	1064085.698	0.436
Parking_E-node-2264-1	1081648.321	1066054.263	7.188
SAimp_E-MH-1844	1081674.145	1061905.586	0.115
SAimp_E-node-2264-1	1081683.321	1066029.263	2.121
Parking_E-MH-19594	1081702.368	1066938.997	1.593
Parking_4112	1081705.298	1062229.737	0.626
Parking_E-MH-9907	1081719.732	1064799.052	0.441
SAimp_E-MH-19594	1081737.368	1066913.997	0.97
Parking_E-MH-1845	1081738.243	1061732.452	0.582
SAimp_4112	1081740.298	1062204.737	0.279
SAimp_E-MH-9907	1081754.732	1064774.052	0.416
Parking_E-node-1532	1081762.08	1059904.564	0.733
SAimp_E-MH-1845	1081773.243	1061707.452	0.146
Parking_4293	1081776.924	1060217.434	0.119
SAimp_E-node-1532	1081797.08	1059879.564	0.271
Parking_4287	1081884.541	1060426.335	0.375
SAimp_E-MH-9907-1	1081891.956	1065195.054	0.381
SAimp_E-MH-9855	1081894.24	1059676.906	0.143
SAimp_E-MH-9922-2	1081909.111	1063290.717	0.123
SAimp_E-node-2117	1081911.155	1060627.216	0.348
SAimp_3128-2	1081912.795	1067816.549	0.111
SAimp_4287	1081919.541	1060401.335	0.363
Parking_E-MH-9923-1	1081925.678	1064250.165	2.463
SAimp_E-MH-9923-1	1081960.678	1064225.165	0.659
Parking_4382	1081970.774	1060058.1	0.769
Parking_E-MH-1739	1081971.81	1062237.957	0.912
SAimp_E-node-2121	1081977.072	1060923.311	0.218
SAimp_E-node-2122	1081992.003	1060776.099	0.243
Parking_4265	1081993.85	1061382.099	0.381
SAimp_4382	1082005.774	1060033.1	0.13
SAimp_E-MH-1739	1082006.81	1062212.957	0.197
SAimp_4265	1082028.85	1061357.099	0.418
Parking_3227	1082029.443	1067384.731	3.184
SAimp_3227	1082064.443	1067359.731	0.54
SAimp_E-node-2124	1082080.912	1061062.501	0.369
Parking_4265-1	1082081.463	1061544.221	0.583
SAimp_E-MH-10809-1	1082086.5	1069533.358	0.102
SAimp_3227-1	1082097.44	1067602.762	2.692
SAimp_4265-1	1082116.463	1061519.221	0.209
SAimp_E-node-2126	1082174.514	1061216.71	0.283
Parking_E-MH-1739-1	1082177.106	1061818.839	1.608
SAimp_E-MH-10809-2	1082181.624	1068984.846	0.522
SAimp_E-MH-9902	1082208.97	1065102.544	0.513
SAimp_E-MH-1739-1	1082212.106	1061793.839	0.115
Parking_E-MH-9841-1	1082225.933	1059860.322	0.377
SAimp_E-MH-9841-1	1082260.933	1059835.322	0.199
Parking_E-node-2264	1082316.424	1065829.667	6.378
SAimp_4125-1	1082318.059	1062076.206	0.136
Parking_E-node-2104	1082328.913	1062858.718	1.681
SAimp_E-node-2264	1082351.424	1065804.667	1.613
SAimp_E-node-2104	1082363.913	1062833.718	1.241
Parking_3154	1082371.377	1068523.75	0.373
Parking_E-MH-9922-1	1082379.345	1064180.489	1.203
SAimp_E-MH-9840-2	1082382.644	1059623.148	0.103
SAimp_3154-1	1082382.957	1068268.353	0.825
SAimp_3154	1082406.377	1068498.75	0.911
SAimp_E-MH-9922-1	1082414.345	1064155.489	1.319
SAimp_E-MH-10809-3	1082458.284	1069039.597	0.401
SAimp_E-MH-1964	1082460.768	1060591.887	0.179
SAimp_E-MH-1450-1	1082513.585	1069666.609	1.523
SAimp_E-MH-1962	1082536.492	1060908.55	0.131
Parking_E-MH-9826	1082548.929	1060245.738	0.676
SAimp_E-MH-1963	1082556.51	1060724.25	0.104
Parking_E-MH-17773	1082557.051	1065814.608	0.36
SAimp_E-MH-815	1082579.086	1062978.325	0.388
SAimp_E-MH-9826	1082583.929	1060220.738	0.392
SAimp_E-MH-17773	1082592.051	1065789.608	0.703
SAimp_4125	1082595.117	1061973.559	0.251
SAimp_E-MH-9728	1082602.482	1060426.522	0.21
SAimp_E-MH-9825	1082657.627	1059992.151	0.438
Parking_E-MH-1402-1	1082688.443	1064796.252	0.138
SAimp_3128-1	1082693.262	1067896.502	1.89
Parking_E-MH-10810	1082710.006	1069034.57	0.176
SAimp_E-MH-1402-1	1082723.443	1064771.252	0.209
SAimp_E-MH-10810	1082745.006	1069009.57	0.494
Parking_3067-1	1082769.528	1065793.678	0.698
Parking_E-MH-9840	1082773.942	1059703.232	0.165
SAimp_3067-1	1082804.528	1065768.678	1.567
SAimp_4133	1082805.9	1061460.143	0.949
Parking_3146	1082814.365	1066868.98	2.204
SAimp_E-MH-670	1082838.371	1067609.771	1.317
SAimp_E-MH-1171	1082847.242	1062640.277	1.013
SAimp_3146	1082849.365	1066843.98	2.578
SAimp_E-MH-15650	1082855.956	1068393.259	0.452
SAimp_E-node-2103	1082858.997	1063341.831	0.286
SAimp_E-MH-9541	1082861.832	1064073.064	1.101
Parking_E-node-1518-2	1083004.265	1061935.234	0.13
SAimp_E-node-1518-2	1083039.265	1061910.234	0.379
Parking_E-MH-1872	1083039.692	1060059.179	0.198
SAimp_E-MH-10811	1083040.759	1068987.281	0.52
Parking_E-MH-1402	1083060.585	1065612.952	0.259
SAimp_E-MH-1872	1083074.692	1060034.179	0.125
SAimp_E-MH-1450-2	1083093.425	1069649.431	0.538
SAimp_E-MH-1402	1083095.585	1065587.952	1.844
SAimp_E-MH-11835	1083139.627	1066877.46	0.331
Parking_E-MH-9663-1	1083155.304	1060928.567	0.207
SAimp_E-MH-10774-1	1083172.955	1067151.956	0.525
SAimp_E-MH-9663	1083185.511	1060738.521	0.454
SAimp_E-MH-15650-1	1083189.861	1068448.866	0.202
SAimp_E-MH-9663-1	1083190.304	1060903.567	0.342
SAimp_E-MH-10774	1083195.449	1067367.224	1.492
SAimp_E-node-1518	1083203.678	1063407.246	0.216
SAimp_2456	1083205.326	1062717.561	0.985
SAimp_E-MH-9541-1	1083211.656	1064211.038	0.621
Parking_E-MH-1870	1083218.641	1059959.803	0.37
SAimp_E-node-1518-1	1083246.035	1061680.056	0.752
SAimp_E-node-1654	1083259.171	1067018.526	0.657
SAimp_E-MH-17307-1	1083263.455	1060584.059	0.313
SAimp_E-MH-1440	1083276.882	1068869.862	0.349
SAimp_E-MH-1430-1	1083294.448	1068049.208	1.187
SAimp_E-MH-15644-1	1083303.53	1068638.632	0.113
Parking_E-MH-17307	1083306.119	1060432.142	0.131
SAimp_E-MH-17307	1083341.119	1060407.142	0.5
Parking_E-MH-1870-2	1083353.125	1059818.919	0.392
SAimp_3134	1083371.764	1068277.426	0.643
SAimp_E-MH-1870-2	1083388.125	1059793.919	0.634
Parking_E-MH-1445	1083398.199	1069714.557	2.807
SAimp_3067	1083408.839	1065609.154	1.424
Parking_E-MH-1887	1083416.361	1060240.896	0.643
SAimp_E-MH-1445	1083433.199	1069689.557	0.354
SAimp_3990-1	1083450.488	1061049.14	0.118
SAimp_E-MH-1887	1083451.361	1060215.896	0.176
SAimp_E-MH-1282-4	1083458.006	1061202.478	0.211
SAimp_3986-1	1083470.341	1061489	0.127
SAimp_E-MH-1458	1083486.04	1064116.987	0.867
SAimp_E-MH-15644	1083494.803	1068547.25	0.381
SAimp_E-node-2102-1	1083529.632	1062743.33	1.221
Parking_3150	1083529.936	1069058.933	0.252
SAimp_E-MH-668	1083542.002	1067614.705	2.346
SAimp_3150	1083564.936	1069033.933	0.316
Parking_E-node-1518-3	1083578.158	1061960.417	0.186
Parking_3167	1083608.086	1069362.643	1.705
SAimp_E-node-1518-3	1083613.158	1061935.417	0.142
SAimp_E-MH-1870-1	1083642.774	1060000.646	0.244
SAimp_3167	1083643.086	1069337.643	0.28
SAimp_E-node-1636	1083686.119	1068856.255	0.234
SAimp_E-MH-4806-1	1083687.446	1063765.143	0.603
Parking_3063-1	1083696.487	1064715.796	0.265
SAimp_4571-2	1083696.677	1072613.322	0.162
SAimp_E-node-2102	1083708.319	1062556.327	0.119
SAimp_E-node-2101-1	1083713.475	1062246.293	0.132
SAimp_3189	1083727.7	1064344.362	0.243
SAimp_E-node-2101	1083728.025	1063041.863	0.306
Parking_3063	1083728.709	1065782.341	0.237
SAimp_3063-1	1083731.487	1064690.796	0.17
SAimp_3986-2	1083731.759	1061557.575	0.187
SAimp_3990	1083732.514	1060991.149	0.148
SAimp_E-MH-1282-5	1083733.21	1061285.87	0.129
SAimp_E-MH-1884	1083737.931	1061814.164	0.151
SAimp_E-MH-1284	1083741.755	1060648.723	0.123
SAimp_3063	1083763.709	1065757.341	1.896
Parking_E-MH-11116	1083795.508	1070750.212	3.286
SAimp_E-node-1636-1	1083797.474	1068678.232	0.322
SAimp_3128	1083820.488	1067867.884	0.159
SAimp_E-MH-11116	1083830.508	1070725.212	0.114
Parking_E-MH-11097	1083833.069	1069883.214	1.87
SAimp_E-MH-11097	1083868.069	1069858.214	0.872
SAimp_E-MH-1282	1083870.375	1061330.383	0.122
SAimp_E-MH-1282-6	1083873.145	1060982.959	0.125
SAimp_E-MH-1283	1083874.739	1060300.364	0.137
SAimp_E-node-4988	1083896.516	1067066.623	0.24
Parking_E-node-2100	1083910.602	1062619.197	0.487
SAimp_E-MH-4806-7	1083935.848	1063345.909	0.502
SAimp_E-node-2100	1083945.602	1062594.197	1.155
SAimp_E-MH-4806-4	1083953.054	1064109.71	0.746
SAimp_3059-1	1083957.57	1064682.038	0.216
Parking_E-MH-9420	1083979.969	1061886.33	0.146
Parking_NA_overland-2	1083988.946	1071671.438	1.001
SAimp_E-MH-9418	1084003.75	1061445.413	0.109
SAimp_E-MH-9420	1084014.969	1061861.33	0.107
SAimp_NA_overland-2	1084023.946	1071646.438	0.529
SAimp_3059	1084036.043	1065696.623	1.101
SAimp_E-MH-9417	1084069.158	1060440.739	0.548
SAimp_E-ADDED-E-12721	1084072.329	1060986.966	0.222
SAimp_E-node-2099-1	1084090.554	1062089.31	0.137
Parking_4456-1	1084092.535	1060066.555	0.199
Parking_E-MH-11121-1	1084112.286	1071309.18	0.182
SAimp_4571-1	1084113.634	1072191.566	0.281
SAimp_E-node-1652	1084127.499	1067052.894	0.815
SAimp_4456-1	1084127.535	1060041.555	0.519
SAimp_E-MH-1841	1084129.016	1061736.439	0.114
SAimp_E-MH-1842	1084137.499	1061367.064	0.111
SAimp_E-MH-11121-1	1084147.286	1071284.18	0.32
Parking_4571	1084163.615	1072658.719	0.153
SAimp_3124	1084175.264	1067752.832	0.367
Parking_E-MH-11116-2	1084182.713	1070790.619	2.123
SAimp_4571	1084198.615	1072633.719	1.168
Parking_E-MH-11121	1084203.469	1071130.449	0.421
Parking_3024-3	1084206	1064976.626	0.266
Parking_E-MH-11112	1084214.299	1069800.263	0.583
SAimp_E-MH-11116-2	1084217.713	1070765.619	0.262
SAimp_E-MH-4806-5	1084222.098	1064013.026	0.692
SAimp_E-MH-1395	1084223.54	1065903.855	0.549
SAimp_E-MH-1174	1084238.446	1062458.585	0.586
SAimp_E-MH-11121	1084238.469	1071105.449	0.135
SAimp_E-node-2099	1084239.639	1063038.038	0.274
SAimp_3024-3	1084241	1064951.626	0.463
SAimp_E-MH-11112	1084249.299	1069775.263	0.93
SAimp_E-MH-4806-3	1084249.771	1063384.371	0.228
SAimp_3024-2	1084254.674	1064664.498	0.188
Parking_3816	1084270.322	1068518.486	3.388
SAimp_3120	1084296.374	1067499.839	0.466
SAimp_3816	1084305.322	1068493.486	1.593
SAimp_E-node-1516	1084333.303	1061069.956	1.326
SAimp_3201	1084333.97	1067612.626	1.828
Parking_4456	1084337.272	1059968.899	0.482
Parking_E-MH-4806-6	1084356.526	1063634.276	0.124
Parking_4655-2	1084371.359	1071462.488	0.217
SAimp_4456	1084372.272	1059943.899	1.18
SAimp_E-MH-4806-6	1084391.526	1063609.276	0.193
SAimp_E-node-2282-1	1084395.961	1062103.366	0.14
SAimp_276LP1	1084415.455	1070501.733	0.142
SAimp_SPP258	1084428.664	1071331.712	0.118
Parking_E-node-2282	1084456.083	1063177.748	0.218
SAimp_3024	1084458.489	1065842.46	0.941
Parking_3108	1084480.402	1067140.794	0.312
SAimp_E-node-2282	1084491.083	1063152.748	0.542
Parking_4448	1084491.24	1069893.625	0.204
Parking_E-MH-1923	1084491.43	1060498.937	0.29
Parking_3024-1	1084495.559	1064721.65	1.237
SAimp_3108	1084515.402	1067115.794	0.421
SAimp_4531	1084521.35	1071499.974	0.1
SAimp_4448	1084526.24	1069868.625	1.084
SAimp_E-MH-1923	1084526.43	1060473.937	0.183
SAimp_3024-1	1084530.559	1064696.65	0.302
SAimp_E-MH-1922	1084531.048	1060945.198	0.161
SAimp_E-MH-1920-1	1084531.567	1061419.102	0.128
SAimp_2464	1084538.498	1062481.527	0.586
Parking_3181	1084548.492	1064047.421	3.028
SAimp_3181	1084583.492	1064022.421	0.482
SAimp_E-MH-4685	1084651.001	1061773.093	0.142
SAimp_E-MH-4687	1084660.485	1060702.346	0.239
SAimp_E-MH-4686	1084660.661	1061309.55	0.161
Parking_SPP74-1	1084705.677	1069614.64	0.137
SAimp_E-node-1514-1	1084705.783	1060350.297	0.127
SAimp_E-node-1514-3	1084713.266	1062054.765	0.222
Parking_3018-2	1084732.918	1065535.144	0.172
SAimp_SPP74-1	1084740.677	1069589.64	0.149
SAimp_3099	1084749.038	1066795.187	0.17
Parking_3018-1	1084766.799	1064917.265	0.877
SAimp_3018-2	1084767.918	1065510.144	0.934
SAimp_267LP	1084769.763	1073801.844	0.18
SAimp_E-MH-1902-2	1084786.198	1068768.799	0.428
SAimp_E-MH-1907-1	1084791.905	1069224.673	0.125
SAimp_E-MH-1902	1084797.838	1067940.612	0.152
SAimp_3018-1	1084801.799	1064892.265	0.259
SAimp_E-MH-1902-1	1084817.17	1068244.661	0.156
SAimp_3093	1084822.595	1066445.894	0.242
SAimp_3810	1084829.781	1067265.797	0.847
SAimp_SPP74	1084832.316	1069985.41	0.748
SAimp_2468	1084839.398	1062549.119	0.411
SAimp_E-node-1514-4	1084855.431	1062188.111	0.131
SAimp_E-node-1514-2	1084855.704	1061192.83	1.209
SAimp_E-MH-15631-1	1084937.83	1067447.323	0.201
Parking_E-node-161	1084947.533	1060014.747	0.868
SAimp_E-node-161	1084982.533	1059989.747	0.337
SAimp_E-MH-17208-1	1084985.05	1071298.431	0.264
SAimp_3016-1	1085007.961	1065719.761	0.494
SAimp_2959	1085009.706	1062052.066	0.239
SAimp_2973	1085038.066	1063003.319	0.18
SAimp_E-MH-17248	1085041.343	1067791.086	1.194
Parking_2959-1	1085051.022	1061165.933	0.144
SAimp_3808	1085071.588	1066570.614	0.287
SAimp_4390	1085076.553	1068663.235	1.23
SAimp_E-MH-15631	1085081.198	1066987.34	0.324
SAimp_SPP260LP	1085085.402	1071922.573	0.842
SAimp_2959-1	1085086.022	1061140.933	1.435
SAimp_SPP263LP	1085091.422	1072717.189	0.659
SAimp_SPP259LP	1085098.353	1071639.349	0.75
SAimp_SPP262	1085102.852	1072456.635	0.641
SAimp_4565	1085116.584	1072192.879	0.724
SAimp_4523	1085122.384	1071431.301	0.219
SAimp_E-MH-1355-1	1085133.448	1062559.432	0.248
SAimp_E-MH-1355	1085137.759	1062857.48	0.209
SAimp_E-MH-1352	1085146.072	1062261.055	0.189
SAimp_E-MH-1907-3	1085152.984	1069501.238	0.1
SAimp_4434	1085156.354	1070013.438	0.454
SAimp_E-MH-17246	1085162.095	1067721.183	0.389
Parking_E-MH-1142-2	1085164.741	1060204.277	0.352
SAimp_E-MH-15635	1085168.754	1067422.5	0.182
Parking_3016	1085199.589	1065542.352	3.043
SAimp_E-MH-1142-2	1085199.741	1060179.277	0.139
SAimp_3806	1085234.269	1066159.081	0.29
SAimp_3016	1085234.589	1065517.352	0.309
Parking_3004	1085250.713	1064366.703	3.768
SAimp_SPP265LP	1085255.886	1073296.468	0.456
SAimp_SPP264	1085256.196	1072987.579	0.424
Parking_E-MH-1907	1085262.694	1069740.451	0.736
SAimp_E-MH-1142	1085280.234	1060304.862	0.532
SAimp_3793	1085282.073	1064957.264	0.224
SAimp_E-MH-1142-1	1085290.679	1060616.481	0.343
SAimp_E-MH-1907	1085297.694	1069715.451	1.152
SAimp_E-MH-2025-1	1085344.521	1069022.105	0.272
SAimp_E-MH-9321	1085344.585	1066651.891	0.679
SAimp_3804	1085353.632	1065856.686	0.1
SAimp_E-MH-15635-1	1085368.789	1067388.117	0.29
Parking_4668	1085374.547	1068277.291	0.529
SAimp_4432	1085377.758	1070011.532	0.107
SAimp_SPP268	1085403.964	1073983.21	0.231
SAimp_E-MH-17246-1	1085406.94	1067691.943	0.339
SAimp_4668	1085409.547	1068252.291	0.803
SAimp_SPP269	1085413.89	1074225.572	0.11
SAimp_4154-2	1085447.681	1062278.966	0.3
SAimp_E-MH-2023-1	1085465.088	1068934.116	0.142
Parking_4154-1	1085475.103	1061467.407	0.432
SAimp_3795	1085479.524	1065042.55	0.15
SAimp_3802	1085487.174	1065487.008	0.419
SAimp_4668-1	1085508.587	1068010.272	0.743
SAimp_4154-1	1085510.103	1061442.407	1.115
SAimp_E-MH-9322	1085516.563	1065868.921	0.208
Parking_E-MH-9441-1	1085518.903	1060013.062	0.208
SAimp_4154	1085550.747	1062757.625	0.299
SAimp_E-MH-9441-1	1085553.903	1059988.062	0.469
SAimp_E-MH-2025	1085577.18	1069125.606	0.154
SAimp_3800	1085599.278	1065118.535	0.184
SAimp_SPP270-2	1085615.122	1074431.272	0.168
SAimp_SPP270-1	1085621.101	1074128.883	0.198
SAimp_9173	1085628.08	1062369.027	0.136
SAimp_9166	1085646.911	1062141.701	0.109
SAimp_4430	1085650.513	1070260.871	0.496
Parking_E-MH-9346	1085652.955	1060627.704	0.125
Parking_3010	1085682.424	1064825.766	1.006
SAimp_COMAMHDW1	1085682.666	1070911.105	0.592
SAimp_E-MH-9346	1085687.955	1060602.704	0.917
SAimp_4156	1085696.808	1062014.396	0.115
SAimp_E-MH-11551	1085704.663	1069474.105	0.888
SAimp_3010	1085717.424	1064800.766	0.36
SAimp_E-MH-9323-1	1085724.808	1065452.505	0.153
SAimp_E-MH-9326	1085823.05	1065180.543	0.217
SAimp_9176-2	1085828.608	1062337.337	0.228
SAimp_E-MH-1179-2	1085832.889	1062702.201	0.219
SAimp_9120	1085833.502	1061509.223	0.84
SAimp_E-MH-1907-2	1085874.698	1069799.806	0.335
SAimp_4331	1085878.487	1067551.05	0.559
Parking_7942	1085883.919	1063376.368	7.617
SAimp_E-MH-11271	1085884.21	1072923.314	0.326
SAimp_E-MH-11301	1085912.013	1073944.049	0.347
SAimp_7942	1085918.919	1063351.368	0.852
SAimp_E-MH-9309	1085949.226	1065998.457	0.478
SAimp_E-MH-11567	1085951.207	1069121.961	0.338
SAimp_E-MH-11474	1085958.926	1074345.123	0.205
SAimp_E-MH-11467	1085964.231	1074181.027	0.194
SAimp_4428	1085966.431	1070263.488	0.272
Parking_E-MH-1537-1	1085968.832	1066630.442	0.276
SAimp_E-MH-11280	1085986.854	1073211.409	0.478
Parking_E-node-2226-2	1085989.299	1075042.945	5.446
SAimp_E-MH-1537-1	1086003.832	1066605.442	0.755
Parking_E-node-2233	1086013.414	1067895.181	0.17
SAimp_E-node-2226-2	1086024.299	1075017.945	1.881
SAimp_E-MH-1797-1	1086027.577	1061221.682	0.125
Parking_E-MH-9441	1086027.743	1060066.933	0.269
Parking_E-node-2226-1	1086036.683	1075889.917	6.892
SAimp_E-node-2309	1086039.795	1068503.198	0.942
Parking_E-node-2235	1086041.131	1066933.265	0.413
SAimp_E-MH-1797-6	1086044.317	1061927.662	0.103
SAimp_E-MH-9348	1086046.597	1060707.568	0.733
Parking_3608	1086047.303	1066349.595	0.153
SAimp_E-node-2233	1086048.414	1067870.181	0.938
Parking_E-node-2234	1086053.192	1067248.146	0.471
SAimp_E-MH-9441	1086062.743	1060041.933	1.945
Parking_E-node-2226	1086070.497	1076640.59	4.538
SAimp_E-node-2226-1	1086071.683	1075864.917	4.357
SAimp_E-node-2235	1086076.131	1066908.265	0.999
SAimp_3608	1086082.303	1066324.595	1.008
SAimp_E-node-2234	1086088.192	1067223.146	1.013
SAimp_E-MH-11492	1086091.889	1074508.828	0.152
SAimp_E-MH-1179-3	1086096.431	1062609.363	0.312
Parking_E-MH-1866	1086098.428	1065008.074	0.258
SAimp_E-node-2226	1086105.497	1076615.59	1.611
SAimp_E-MH-11483	1086113.239	1074612.893	0.15
Parking_E-node-2081	1086122.665	1071334.834	0.273
SAimp_E-MH-1866	1086133.428	1064983.074	0.282
SAimp_4061	1086146.581	1072581.487	0.662
Parking_E-MH-11520	1086147.941	1070745.491	0.354
SAimp_4551	1086151.722	1072233.998	0.653
SAimp_E-node-2081	1086157.665	1071309.834	0.315
SAimp_E-node-158	1086168.078	1071651.277	0.606
SAimp_E-MH-11520	1086182.941	1070720.491	1.192
SAimp_E-node-1511-1	1086183.47	1065718.413	0.769
Parking_4028	1086199.742	1071141.33	0.396
SAimp_9179	1086200.035	1062192.038	0.185
SAimp_E-MH-1906	1086200.128	1070211.975	0.236
Parking_4035	1086201.422	1071483.165	0.305
Parking_E-node-2232	1086214.828	1071989.236	0.198
SAimp_E-node-1509	1086220.142	1064635.879	0.309
Parking_E-node-2308	1086225.199	1068861.96	0.184
SAimp_4160	1086232.04	1062018.496	0.107
SAimp_4028	1086234.742	1071116.33	0.725
SAimp_4035	1086236.422	1071458.165	0.517
Parking_3583	1086237.55	1064357.122	0.205
SAimp_E-node-2232	1086249.828	1071964.236	0.941
SAimp_E-node-2308	1086260.199	1068836.96	0.989
SAimp_3583	1086272.55	1064332.122	0.289
Parking_4420	1086276.711	1070481.219	0.145
Parking_E-node-2281	1086297.292	1060782.126	0.158
Parking_3599-1	1086301.478	1065432.241	0.381
SAimp_E-MH-11551-1	1086307.614	1069682.81	0.383
SAimp_4420	1086311.711	1070456.219	0.151
Parking_4195	1086331.043	1061308.676	0.471
SAimp_E-node-2281	1086332.292	1060757.126	0.702
SAimp_3599-1	1086336.478	1065407.241	0.918
SAimp_E-MH-1905	1086339.273	1070076.127	0.159
SAimp_E-MH-11274	1086350.619	1072870.274	0.359
SAimp_9127	1086356.36	1061663.704	0.485
SAimp_4195	1086366.043	1061283.676	0.361
SAimp_9182	1086368.317	1062336.278	0.241
Parking_E-MH-11470	1086372.475	1074260.484	0.213
SAimp_E-MH-1179-1	1086373.61	1062707.698	0.203
Parking_4731	1086391.973	1073937.183	0.402
Parking_E-node-2229	1086393.019	1074528.061	0.388
Parking_E-node-1508-1	1086399.623	1063603.05	0.74
SAimp_E-MH-11569	1086404.345	1069121.949	0.251
SAimp_E-MH-11470	1086407.475	1074235.484	0.287
Parking_3629-2	1086418.181	1067586.21	0.445
SAimp_4731	1086426.973	1073912.183	0.532
SAimp_E-node-2229	1086428.019	1074503.061	0.19
Parking_3645	1086431.561	1069493.957	0.156
SAimp_E-node-1508-1	1086434.623	1063578.05	0.259
Parking_3579	1086449.582	1063991.167	1.608
Parking_E-MH-9350	1086450.291	1061209.191	0.196
SAimp_3629-2	1086453.181	1067561.21	0.431
SAimp_E-node-2096-1	1086453.377	1068419.735	4.422
SAimp_E-MH-11282	1086457.321	1073148.794	0.241
Parking_E-node-1510-1	1086457.418	1066079.433	0.225
SAimp_3645	1086466.561	1069468.957	0.448
Parking_4005-1	1086470.868	1064945.601	0.409
SAimp_3579	1086484.582	1063966.167	0.885
SAimp_E-MH-9350	1086485.291	1061184.191	0.176
SAimp_E-node-1510-1	1086492.418	1066054.433	0.38
Parking_4420-1	1086493.008	1070608.016	0.158
Parking_E-node-2096	1086502.836	1068266.63	0.325
Parking_3659	1086504.418	1070415.562	0.499
SAimp_4005-1	1086505.868	1064920.601	0.506
Parking_E-node-1508	1086518.025	1063312.688	0.344
SAimp_4420-1	1086528.008	1070583.016	0.116
SAimp_E-node-2096	1086537.836	1068241.63	0.919
SAimp_3659	1086539.418	1070390.562	0.362
SAimp_9185	1086550.891	1062208.72	0.258
Parking_4177	1086551.029	1061182.669	0.138
SAimp_E-node-1508	1086553.025	1063287.688	0.234
SAimp_E-MH-9374	1086553.5	1059957.559	0.404
Parking_3634	1086558.955	1067790.668	0.224
Parking_E-node-2302-1	1086561.205	1072398.456	0.101
SAimp_4177-1	1086563.547	1060960.234	0.13
SAimp_4206	1086569.024	1060482.32	0.21
Parking_4734	1086578.781	1074421.02	0.415
SAimp_4177	1086586.029	1061157.669	0.126
SAimp_E-node-2234-1	1086595.063	1067420.362	0.109
SAimp_E-node-2302-1	1086596.205	1072373.456	0.188
Parking_E-MH-1552	1086601.153	1069906.355	0.328
Parking_3532	1086604.881	1062630.173	0.248
Parking_E-MH-1766-1	1086606.312	1061515.667	0.593
SAimp_4734	1086613.781	1074396.02	0.208
Parking_4005	1086628.083	1065204.911	0.261
Parking_4061-1	1086632.119	1072726.531	0.208
Parking_3642	1086632.484	1069301.799	0.381
SAimp_E-MH-1552	1086636.153	1069881.355	0.307
Parking_4064	1086639.435	1073003.35	0.134
SAimp_3532	1086639.881	1062605.173	0.501
SAimp_E-MH-1766-1	1086641.312	1061490.667	0.188
SAimp_4206-1	1086645.329	1060750.948	0.246
SAimp_3583-1	1086645.502	1064493.388	0.32
Parking_E-MH-1555	1086655.083	1070196.013	0.287
SAimp_4005	1086663.083	1065179.911	0.412
SAimp_4061-1	1086667.119	1072701.531	0.31
SAimp_3642	1086667.484	1069276.799	0.389
SAimp_4064	1086674.435	1072978.35	0.287
Parking_3567	1086675.273	1063127.367	0.141
Parking_3592	1086682.958	1064830	0.153
Parking_E-node-2233-1	1086683.294	1068057.602	0.852
Parking_E-MH-1766	1086684.608	1061951.532	0.261
Parking_4045-1	1086689.487	1071819.142	0.468
SAimp_4069	1086689.825	1073285.644	0.355
SAimp_E-MH-1555	1086690.083	1070171.013	0.298
Parking_4020	1086697.349	1070791.323	0.447
Parking_E-node-1510	1086697.488	1066349.617	0.357
SAimp_4175	1086704.995	1061184.436	0.154
Parking_E-MH-1537	1086706.85	1066696.108	0.16
SAimp_4180-1	1086709.953	1060963.432	0.122
SAimp_3567	1086710.273	1063102.367	0.101
Parking_E-MH-1539	1086713.017	1066929.57	0.293
Parking_3521	1086715.547	1062205.346	0.392
Parking_E-node-1511	1086716.952	1066055.247	0.423
SAimp_3592	1086717.958	1064805	0.175
SAimp_E-node-2233-1	1086718.294	1068032.602	0.401
Parking_E-MH-1766-2	1086718.652	1061722.174	0.747
SAimp_E-MH-1766	1086719.608	1061926.532	0.279
SAimp_4045-1	1086724.487	1071794.142	0.374
SAimp_E-MH-9374-2	1086728.25	1060093.544	0.26
SAimp_4020	1086732.349	1070766.323	0.432
SAimp_E-node-1510	1086732.488	1066324.617	0.134
Parking_E-MH-1541	1086732.851	1067379.094	1.024
Parking_3640	1086743.486	1068727.475	0.306
SAimp_E-MH-1539	1086748.017	1066904.57	0.128
SAimp_3521	1086750.547	1062180.346	0.123
SAimp_E-node-1511	1086751.952	1066030.247	0.13
SAimp_E-MH-1766-2	1086753.652	1061697.174	0.22
SAimp_E-node-2082-1	1086754.88	1071279.887	0.128
SAimp_E-MH-1541	1086767.851	1067354.094	0.374
SAimp_3640	1086778.486	1068702.475	0.313
Parking_3629	1086798.018	1067674.72	0.167
SAimp_4103	1086805.41	1074076.243	0.338
SAimp_E-MH-9380	1086805.577	1061348.646	0.182
SAimp_E-MH-1863-1	1086820.045	1064312.863	0.153
Parking_E-MH-11714	1086824.591	1069081.08	0.172
SAimp_3629	1086833.018	1067649.72	0.179
SAimp_E-MH-11714	1086859.591	1069056.08	0.197
Parking_2735-2	1086865.314	1067953.572	0.17
Parking_E-MH-9375	1086868.777	1060553.014	0.264
Parking_4195-1	1086869.928	1061568.072	0.414
SAimp_E-MH-9375	1086903.777	1060528.014	0.477
SAimp_4195-1	1086904.928	1061543.072	0.329
Parking_E-node-167	1086906.304	1065423.388	0.324
Parking_E-MH-2010-1	1086907.499	1074343.522	0.31
Parking_E-MH-1863-2	1086932.728	1064632.681	0.148
SAimp_E-node-167	1086941.304	1065398.388	0.662
SAimp_E-MH-2010-1	1086942.499	1074318.522	0.461
Parking_E-MH-9374-1	1086949.656	1060378.396	0.17
Parking_4126	1086962.356	1075388.803	10.362
SAimp_E-MH-1863	1086962.997	1063951.49	0.555
SAimp_E-MH-1541-1	1086966.292	1067342.218	0.12
SAimp_E-MH-1863-2	1086967.728	1064607.681	0.44
SAimp_E-MH-8185-1	1086972.498	1060791.577	0.175
SAimp_4045	1086975.545	1071730.967	0.116
SAimp_E-node-2302	1086983.683	1072368.141	0.392
SAimp_E-MH-9374-1	1086984.656	1060353.396	0.226
Parking_SPP255	1086990.358	1071453.208	0.494
Parking_3593-1	1086993.919	1062499.923	0.414
SAimp_4126	1086997.356	1075363.803	1.659
Parking_E-node-2082	1086998.962	1071170.884	0.408
SAimp_E-MH-2013	1087003.253	1074570.588	0.502
SAimp_E-MH-1937	1087008.687	1070817.02	0.271
SAimp_E-MH-9377	1087018.482	1061376.432	0.227
Parking_2501-1	1087025.104	1062901.632	0.23
SAimp_3593-1	1087028.919	1062474.923	0.311
SAimp_E-node-2082	1087033.962	1071145.884	0.679
Parking_E-MH-2002	1087034.038	1073788.314	0.308
Parking_2501-2	1087043.009	1063029.872	0.151
Parking_E-MH-1990	1087044.917	1072864.876	0.265
SAimp_3567-1	1087052.715	1063248.241	0.61
SAimp_2501-1	1087060.104	1062876.632	0.328
Parking_3593	1087062.847	1061932.552	0.183
SAimp_E-MH-2002	1087069.038	1073763.314	0.733
Parking_4685-1	1087070.277	1072054.043	0.14
SAimp_2501-2	1087078.009	1063004.872	0.248
SAimp_E-MH-1990	1087079.917	1072839.876	0.471
Parking_2718	1087084.752	1066730.012	0.179
SAimp_E-node-2303	1087088.001	1069526.526	0.668
SAimp_4577	1087089.266	1072565.447	0.436
SAimp_E-MH-1994	1087091.081	1073124.111	0.491
Parking_3592-2	1087091.628	1064949.915	0.543
Parking_3661	1087092.549	1070754.904	0.461
SAimp_3593	1087097.847	1061907.552	0.276
SAimp_4685-1	1087105.277	1072029.043	0.547
SAimp_3574-2	1087110.884	1063511.327	0.533
Parking_2726	1087115.704	1067007.915	0.156
SAimp_E-MH-11739	1087116.336	1070529.29	0.417
SAimp_E-MH-1242	1087117.978	1066413.435	0.275
SAimp_2718	1087119.752	1066705.012	0.28
SAimp_E-MH-1998	1087125.203	1073453.707	0.699
SAimp_3592-2	1087126.628	1064924.915	0.386
SAimp_3661	1087127.549	1070729.904	0.695
SAimp_2744	1087127.554	1069232.243	0.321
Parking_E-node-1645	1087131.33	1069356.983	0.142
SAimp_2722	1087137.3	1066836.701	0.219
Parking_2823-1	1087140.36	1070075.6	0.461
SAimp_E-node-1651	1087143.925	1066113.453	0.24
Parking_E-node-166	1087149.197	1065623.258	0.373
SAimp_2726	1087150.704	1066982.915	0.287
SAimp_4573-1	1087152.651	1069789.835	0.617
SAimp_E-node-1650-1	1087157.322	1066261.897	0.346
Parking_E-MH-11742	1087158.584	1070337.959	0.267
SAimp_E-node-1648	1087158.693	1067132.427	0.348
SAimp_E-node-1649	1087163.83	1066560.127	0.299
SAimp_E-node-1645	1087166.33	1069331.983	0.296
SAimp_2823-1	1087175.36	1070050.6	0.611
SAimp_E-node-166	1087184.197	1065598.258	1.248
SAimp_E-MH-11742	1087193.584	1070312.959	0.511
SAimp_E-MH-2007	1087207.747	1074028.598	0.472
SAimp_2735-3	1087208.363	1067924.795	0.331
SAimp_3574-1	1087210.172	1063714.381	0.175
SAimp_2738	1087213.034	1068232.543	0.49
SAimp_E-MH-1864	1087214.812	1064017.785	0.254
SAimp_4126-1	1087216.675	1076227.015	0.202
SAimp_E-MH-1864-2	1087219.689	1064535.067	0.207
SAimp_2740	1087227.449	1068521.609	0.685
SAimp_3592-1	1087230.556	1064764.768	0.101
SAimp_E-MH-11713	1087231.182	1069048.28	0.308
SAimp_2732	1087249.946	1067657.097	0.701
SAimp_E-MH-2027-1	1087254.02	1071739.508	0.302
SAimp_E-MH-2029-1	1087254.884	1072235.935	0.118
Parking_E-ADDED-E-4474-3	1087263.463	1061717.137	0.276
SAimp_E-MH-8185	1087271.856	1060705.17	0.226
SAimp_E-MH-2010	1087297.749	1074282.082	0.142
SAimp_E-ADDED-E-4474-3	1087298.463	1061692.137	0.261
SAimp_E-node-1647	1087349.064	1067375.19	0.438
SAimp_E-MH-1864-3	1087353.972	1064320.151	0.204
SAimp_3513-1	1087375.92	1061970.464	0.199
SAimp_3513	1087392.221	1062446.394	0.385
Parking_E-MH-1932	1087406.965	1061744.681	0.246
SAimp_4479-2	1087416.016	1061363.252	0.34
SAimp_E-node-236-1	1087438.692	1065295.052	0.11
SAimp_E-MH-1932	1087441.965	1061719.681	0.113
SAimp_4681	1087442.597	1071591.459	0.169
SAimp_2802	1087478.012	1064706.817	0.276
SAimp_2798	1087482.573	1064117.987	0.28
SAimp_E-MH-17215-1	1087502.949	1071203.77	0.159
Parking_2711	1087512.68	1065459.398	0.37
SAimp_2742	1087513.081	1068809.856	2.051
SAimp_E-MH-8153	1087531.61	1060052.534	0.116
SAimp_2742-1	1087536.97	1069165.562	0.188
SAimp_2748	1087539.761	1069648.355	0.163
Parking_4479-1	1087544.793	1061644.185	0.167
SAimp_2711	1087547.68	1065434.398	0.488
SAimp_2790	1087549.323	1063116.403	0.175
SAimp_2793-2	1087554.042	1063360.536	0.167
SAimp_E-MH-1502	1087559.626	1061918.215	0.15
SAimp_4479	1087560.57	1060854.175	0.809
SAimp_2793-1	1087574.954	1063634.477	0.234
SAimp_4479-1	1087579.793	1061619.185	0.227
SAimp_E-MH-1281	1087583.45	1070791.024	0.591
Parking_E-MH-8153-1	1087596.702	1060295.308	0.102
SAimp_E-MH-8153-1	1087631.702	1060270.308	0.741
SAimp_2735	1087654.58	1068176.049	0.402
SAimp_E-node-863	1087662.991	1062434.419	0.481
SAimp_2742-2	1087673.393	1069067.85	0.119
SAimp_4473	1087678.129	1061820.679	0.12
Parking_4284	1087689.213	1064199.578	0.125
Parking_2812	1087693.144	1064952.873	0.153
SAimp_E-MH-1253	1087695.788	1067569.532	0.121
SAimp_3026	1087699.586	1067655.646	0.144
SAimp_2547-2	1087699.589	1062887.783	0.187
SAimp_E-node-2083	1087722.835	1071535.457	0.647
SAimp_4284	1087724.213	1064174.578	0.863
SAimp_2812	1087728.144	1064927.873	0.307
SAimp_2547-1	1087728.816	1063009.609	0.108
SAimp_E-MH-17215	1087742.049	1071132.408	0.335
SAimp_2726-2	1087776.072	1066981.771	0.188
SAimp_E-node-1651-1	1087789.396	1066117.237	0.162
SAimp_E-MH-1242-1	1087790.424	1066417.66	0.175
SAimp_E-node-1649-1	1087791.085	1066576.31	0.355
SAimp_E-MH-1302	1087793.343	1066703.914	0.169
SAimp_E-node-1648-1	1087795.723	1067119.301	0.24
SAimp_E-MH-1357	1087798.494	1066838.868	0.158
SAimp_E-node-871	1087803.444	1065397.406	0.649
SAimp_4488	1087814.225	1060900.865	0.749
Parking_4473-1	1087822.283	1061872.45	0.634
SAimp_E-MH-1857	1087837.904	1063328.517	0.181
SAimp_2714	1087842.97	1065954.153	0.669
SAimp_E-MH-1540	1087844.639	1062059.391	0.168
SAimp_4585-1	1087844.758	1072574.216	0.686
SAimp_4473-1	1087857.283	1061847.45	0.211
Parking_3919-2	1087866.313	1061487.55	0.372
SAimp_E-MH-2015	1087884.367	1074574.516	0.904
SAimp_E-node-1650	1087886.938	1066344.857	0.477
SAimp_E-MH-2027	1087891.943	1071784.415	0.859
SAimp_E-MH-1648-2	1087926.672	1062410.778	0.245
SAimp_E-MH-1997	1087927.668	1073136.21	0.94
SAimp_E-MH-2012	1087940.99	1074290.377	0.942
Parking_E-MH-1219-1	1087947.169	1064051.21	0.442
SAimp_E-MH-1993	1087949.156	1072849.081	0.916
SAimp_E-MH-1648-1	1087955.47	1062754.958	0.182
SAimp_2551	1087964.483	1063102.663	0.17
SAimp_E-MH-2009	1087973.527	1074003.965	0.766
SAimp_E-MH-1219-1	1087982.169	1064026.21	0.772
SAimp_2815	1087985.011	1064710.848	0.18
SAimp_2825	1087987.693	1070359.449	0.911
SAimp_E-MH-2001	1087990.899	1073434.167	0.863
SAimp_E-MH-2005	1087993.849	1073735.036	0.786
SAimp_4573	1088020.963	1069799.797	0.732
SAimp_2746	1088029.981	1069513.966	0.626
SAimp_2823	1088041.735	1070067.918	0.733
SAimp_3919-1	1088059.788	1061526.281	0.134
SAimp_2829	1088061.351	1070617.209	0.722
SAimp_3906	1088071.759	1061793.387	0.31
SAimp_E-MH-2029	1088074.23	1072288.105	1.142
SAimp_4493	1088082.862	1060867.993	0.733
Parking_3003	1088105.118	1065403.992	0.412
SAimp_3661-1	1088136.285	1071318.13	0.676
Parking_E-MH-1543	1088139.46	1062580.618	0.217
SAimp_3003	1088140.118	1065378.992	0.703
SAimp_E-MH-1335	1088152.718	1069287.169	0.895
SAimp_4685	1088162.748	1072045.863	1.446
SAimp_E-MH-1543	1088174.46	1062555.618	0.638
Parking_2815-1	1088176.014	1064951.718	0.227
SAimp_2555-1	1088189.258	1063099.946	0.271
SAimp_2555-2	1088202.787	1063389.634	0.14
SAimp_E-MH-11790-1	1088210.408	1070872.404	0.464
SAimp_E-MH-11790	1088210.565	1071109.189	0.669
SAimp_2815-1	1088211.014	1064926.718	0.418
SAimp_2638-1	1088214.707	1063581.244	0.104
SAimp_4497-2	1088230.111	1061404.303	0.171
SAimp_2638-2	1088231.71	1063832.01	0.134
SAimp_E-MH-1218	1088235.936	1064381.637	0.505
SAimp_4514	1088240.068	1062131.775	0.172
Parking_E-MH-1254	1088244.609	1067557.334	0.111
SAimp_E-MH-11710-1	1088253.945	1069040.948	0.675
SAimp_E-MH-1254	1088279.609	1067532.334	0.554
SAimp_3030	1088293.454	1067663.429	0.393
Parking_E-MH-8196-3	1088336.801	1060241.449	0.147
SAimp_E-MH-11663	1088338.592	1066973.559	0.386
SAimp_E-MH-8196-3	1088371.801	1060216.449	0.669
Parking_2555-4	1088382.385	1062828.235	0.6
SAimp_4497	1088382.855	1060909.956	0.793
SAimp_4497-1	1088385.979	1061582.962	0.103
SAimp_E-MH-9091	1088396.514	1061926.727	0.342
SAimp_4585	1088399.544	1072583.316	0.188
SAimp_2555-4	1088417.385	1062803.235	0.156
SAimp_E-MH-1304	1088417.913	1066708.742	0.19
Parking_E-MH-1544	1088419.321	1062515.856	0.928
SAimp_3012	1088430.674	1065935.378	1.066
SAimp_E-node-888	1088430.685	1071713.011	0.557
SAimp_E-MH-1359	1088436.911	1066844.966	0.221
SAimp_E-MH-11672	1088453.792	1067121.964	0.315
SAimp_E-MH-1544	1088454.321	1062490.856	0.329
Parking_2555-3	1088475.102	1063215.348	2.078
SAimp_2638-3	1088488.486	1063544.826	0.176
SAimp_E-node-870	1088492.842	1064308.181	0.792
SAimp_2555-3	1088510.102	1063190.348	0.142
Parking_2658-2	1088573.331	1064977.558	0.23
Parking_E-MH-9091-1	1088586.454	1062310.339	0.497
Parking_2735-1	1088587.292	1068051.2	5.485
Parking_E-MH-9091-2	1088598.194	1061907.225	0.31
SAimp_2658-2	1088608.331	1064952.558	0.118
SAimp_E-MH-9091-1	1088621.454	1062285.339	0.234
SAimp_2735-1	1088622.292	1068026.2	2.411
SAimp_E-node-864	1088643.513	1062620.76	0.159
Parking_E-node-1647-1	1088645.42	1067355.468	1.833
SAimp_E-MH-11785	1088657.867	1071092.836	0.139
SAimp_E-node-1647-1	1088680.42	1067330.468	1.126
Parking_2740-1	1088688.735	1068546.071	1.886
SAimp_2660-2	1088693.389	1065226.483	0.271
Parking_2658-1	1088700.27	1064903.658	0.109
SAimp_E-MH-1226-2	1088705.152	1065672.228	0.178
SAimp_E-MH-1227-1	1088710.386	1066293.108	0.445
SAimp_2921	1088720.462	1070504.1	0.469
SAimp_2740-1	1088723.735	1068521.071	1.915
SAimp_2650	1088729.371	1063869.474	0.53
SAimp_2658-1	1088735.27	1064878.658	0.114
SAimp_E-MH-9035	1088736.894	1060878.531	0.664
SAimp_E-MH-9035-1	1088738.586	1061498.144	0.22
SAimp_E-MH-1224-1	1088738.898	1064406.664	0.261
SAimp_E-MH-1224-2	1088742.018	1064723.533	0.103
SAimp_E-MH-8196-1	1088746.362	1060018.542	0.2
SAimp_4592	1088778.543	1072556.177	0.227
Parking_3699	1088793.65	1062724.516	2.011
SAimp_E-MH-11710	1088794.328	1069187.161	0.114
SAimp_E-MH-8197-1	1088821.472	1060325.688	0.141
SAimp_3699	1088828.65	1062699.516	0.487
SAimp_4592-1	1088841.573	1072394.105	0.502
SAimp_2660-1	1088847.897	1065297.672	0.125
SAimp_E-MH-1268	1088849.452	1068807.159	4.757
Parking_E-MH-11782-2	1088867.858	1071727.95	0.923
SAimp_E-MH-1227-2	1088868.005	1066297.052	0.112
Parking_E-MH-2035	1088872.916	1074299.341	0.394
Parking_E-MH-2036	1088892.386	1074593.272	0.336
SAimp_E-MH-2034	1088900.939	1073994.269	0.693
SAimp_E-MH-11782-2	1088902.858	1071702.95	1.419
SAimp_E-MH-1561-3	1088904.708	1064937.644	0.208
SAimp_E-MH-2032	1088906.135	1073428.43	0.718
SAimp_E-MH-2035	1088907.916	1074274.341	0.646
SAimp_E-MH-2031	1088910.013	1073118.732	0.621
SAimp_E-MH-2030	1088911.298	1072836.135	0.67
SAimp_E-MH-1269-2	1088919.296	1063949.595	0.181
SAimp_2887-1	1088923.117	1065091.864	0.126
SAimp_E-MH-1561-4	1088924.99	1064528.227	0.213
SAimp_E-MH-2036	1088927.386	1074568.272	0.698
SAimp_E-MH-2033	1088927.743	1073720.817	0.645
SAimp_E-MH-1556	1088952.922	1063181.416	0.212
SAimp_E-MH-1561-1	1088987.406	1063530.907	0.184
SAimp_E-MH-11782-1	1089016.856	1071491.031	0.185
SAimp_3649	1089018.132	1062866.508	0.22
SAimp_2945	1089022.927	1070769.857	0.828
SAimp_E-MH-1579	1089070.016	1061772.608	0.236
SAimp_E-MH-1269-1	1089075.01	1063886.998	0.294
SAimp_E-MH-1577-1	1089077.926	1062055.943	0.146
SAimp_E-MH-1577-2	1089082.086	1062292.103	0.133
SAimp_3019	1089091.208	1065969.008	0.952
SAimp_2903	1089101.957	1069521.541	1.077
SAimp_E-MH-1561-2	1089106.006	1064477.482	0.141
SAimp_2917	1089108.432	1069795.699	0.824
Parking_3680-1	1089122.639	1062716.607	0.38
SAimp_2919	1089131.408	1070062.663	0.825
SAimp_E-node-2237-3	1089139.523	1059965.954	0.275
Parking_2697-1	1089147.328	1064901.955	0.118
SAimp_E-MH-1987	1089148.495	1072555.508	0.275
Parking_2677	1089150.417	1066897.511	0.83
SAimp_2697-1	1089182.328	1064876.955	0.168
Parking_E-MH-1570	1089185.414	1062975.804	0.114
SAimp_2677	1089185.417	1066872.511	0.465
SAimp_E-node-2237-2	1089201.993	1060223.173	0.3
SAimp_2887-2	1089204.774	1065213.203	0.227
Parking_E-MH-1256	1089212.867	1067574.942	0.223
SAimp_E-MH-1570	1089220.414	1062950.804	0.216
SAimp_E-MH-1256	1089247.867	1067549.942	0.349
SAimp_E-MH-9119	1089257.027	1063512.279	0.179
SAimp_E-MH-9127	1089266.793	1063250.705	0.192
SAimp_2670	1089270.628	1066711.894	0.264
SAimp_3038	1089283.719	1067686.674	0.44
SAimp_E-MH-1585-3	1089284.6	1061230.075	0.489
SAimp_E-MH-1591	1089296.131	1067005.153	0.576
SAimp_E-MH-1585-1	1089318.808	1061873.74	0.232
SAimp_E-MH-1516	1089332.123	1060698.07	0.514
SAimp_E-MH-1580	1089333.347	1062362.309	0.536
SAimp_E-MH-11438	1089367.631	1073609.541	0.854
SAimp_E-MH-1270	1089368.53	1063861.259	0.541
SAimp_E-MH-11782	1089373.237	1071677.436	0.166
SAimp_2947	1089374.36	1070974.083	0.773
SAimp_2697-2	1089396.79	1064950.608	0.112
SAimp_E-MH-1274	1089408.431	1064391.428	0.335
SAimp_E-MH-10486	1089415.516	1064771.967	0.132
SAimp_2895	1089419.071	1065953.131	0.987
SAimp_E-MH-1520	1089459.61	1060350.247	0.107
SAimp_E-MH-17283	1089469.29	1061688.158	0.126
Parking_3783	1089504.624	1065172.857	0.22
SAimp_E-MH-1317-1	1089505.416	1071914.044	0.274
SAimp_E-node-2237-4	1089506.163	1060135.749	0.108
SAimp_E-MH-11440	1089511.982	1074278.697	0.147
SAimp_2883	1089514.021	1073005.719	0.287
SAimp_3783	1089539.624	1065147.857	0.198
SAimp_2947-1	1089540.017	1070320.947	0.283
Parking_2752-1	1089550.873	1069247.514	0.619
SAimp_E-MH-11441	1089567.326	1074012.076	0.111
Parking_E-MH-3679	1089576.778	1062370.85	0.366
SAimp_2881	1089594.106	1072660.206	0.162
SAimp_E-MH-3679	1089611.778	1062345.85	0.93
SAimp_E-MH-1236-1	1089619.656	1064951.621	0.1
SAimp_E-MH-17287	1089642.736	1060670.449	0.356
SAimp_E-MH-1821	1089649.102	1073571.506	0.535
SAimp_E-MH-17277	1089655.578	1061511.557	0.237
SAimp_E-MH-11818	1089663.391	1071163.305	0.598
SAimp_3708	1089692.906	1063880.369	1.014
SAimp_E-MH-2220-1	1089701.893	1073027.957	0.276
SAimp_2881-1	1089709.897	1072563.992	0.141
SAimp_2907-1	1089740.583	1066035.315	0.995
SAimp_3774-1	1089784.816	1067204.818	0.514
SAimp_E-MH-1239-2	1089789.905	1067897.098	0.321
Parking_E-MH-1817	1089795.047	1072454.591	0.319
Parking_E-MH-1564-1	1089817.153	1063184.318	0.165
SAimp_E-MH-1315	1089819.251	1071366.337	0.117
SAimp_E-MH-1817	1089830.047	1072429.591	0.873
SAimp_2905-1	1089834.338	1065254.685	0.282
SAimp_E-MH-1316	1089839.603	1071745.471	0.155
SAimp_12064	1089852.783	1062287.704	0.786
SAimp_E-MH-17282-1	1089894.406	1061461.794	0.194
Parking_E-MH-1564-2	1089894.64	1063017.238	0.334
SAimp_E-MH-1314	1089897.734	1070993.58	0.137
SAimp_E-MH-17291-2	1089906.155	1060654.457	0.379
SAimp_E-MH-11461	1089907.013	1073914.707	0.675
SAimp_E-node-1642	1089907.462	1070622.042	0.116
SAimp_E-MH-2220	1089921.513	1073016.777	0.391
Parking_E-MH-1317	1089968.272	1072281.178	3.261
SAimp_2869	1089972.099	1070337.55	0.251
Parking_2752	1089975.039	1069092.302	0.319
SAimp_E-MH-1238-1	1089977.007	1064956.904	0.326
SAimp_E-MH-17741-1	1089981.896	1059975.24	0.374
SAimp_3710	1089996.876	1064084.15	1.025
SAimp_E-MH-1317	1090003.272	1072256.178	0.585
SAimp_2752	1090010.039	1069067.302	0.996
SAimp_E-MH-2220-2	1090059.953	1072749.629	0.133
SAimp_E-MH-11427	1090063.322	1074532.263	1.28
SAimp_2911	1090072.897	1065848.184	1.023
SAimp_E-MH-15599	1090073.942	1071318.468	0.439
SAimp_E-MH-15585	1090092.035	1071580.072	0.16
SAimp_E-MH-17441	1090099.68	1060228.889	0.205
Parking_E-MH-1244	1090111.878	1068396.992	2.931
Parking_E-MH-17282-2	1090122.11	1061685.985	0.105
Parking_2859	1090128.903	1069553.82	0.411
SAimp_E-MH-1244	1090146.878	1068371.992	1.262
SAimp_12066	1090147.741	1062441.509	1.122
SAimp_2865	1090148.911	1069812.135	0.782
SAimp_E-MH-11825	1090149.873	1069274.641	0.605
SAimp_E-MH-17282-2	1090157.11	1061660.985	0.174
SAimp_2859	1090163.903	1069528.82	0.813
SAimp_2867	1090165.403	1070078.185	0.82
Parking_2778	1090180.202	1068818.589	0.177
SAimp_E-MH-4710	1090185.823	1074280.939	0.269
SAimp_E-MH-1338	1090187.394	1070736.316	0.466
SAimp_E-MH-2221	1090194.167	1073193.494	0.482
SAimp_2778	1090215.202	1068793.589	2.678
Parking_E-MH-1239-1	1090228.991	1067813.788	0.326
Parking_E-MH-1574-2	1090240.978	1064188.09	0.183
SAimp_E-MH-17291-1	1090249.001	1060609.754	0.445
Parking_E-MH-9201	1090253.45	1065316.662	0.266
SAimp_E-MH-1239-1	1090263.991	1067788.788	1.694
SAimp_E-MH-1574-2	1090275.978	1064163.09	1.135
SAimp_E-MH-9201	1090288.45	1065291.662	0.149
SAimp_E-MH-9200-2	1090288.932	1066246.898	0.259
Parking_E-MH-15583	1090305.869	1072039.118	0.912
SAimp_2925	1090338.256	1070331.046	0.22
SAimp_E-MH-15583	1090340.869	1072014.118	1.334
SAimp_E-MH-2222	1090366.688	1073643.682	0.863
Parking_E-MH-3682	1090388.125	1062555.444	0.223
SAimp_E-MH-1345	1090391.905	1070994.511	0.43
SAimp_E-MH-1574-1	1090402.012	1064954.822	0.128
SAimp_2881-2	1090417.838	1072786.082	0.355
SAimp_E-MH-3682	1090423.125	1062530.444	1.211
SAimp_E-MH-1815	1090423.925	1065274.022	0.1
SAimp_E-MH-9200-1	1090434.628	1066270.311	0.206
SAimp_E-MH-2221-1	1090466.806	1072978.867	0.112
SAimp_E-MH-17264	1090481.862	1064275.17	0.492
SAimp_E-MH-1350	1090483.202	1070556.875	0.312
SAimp_3182	1090486.684	1065079.679	0.112
SAimp_E-MH-4715	1090584.459	1074010.07	0.447
SAimp_E-ADDED-E-19264	1090808.909	1073519.928	0.421
