NAME	X	Y	AREA
Parking_E-MH-17899	1079278.836	1045243.381	6.068
SAimp_E-MH-17899	1079313.836	1045218.381	1.981
Parking_E-MH-9029	1079361.948	1045737.587	0.114
SAimp_E-MH-18737	1079791.064	1046278.874	0.668
SAimp_E-MH-17898	1079846.194	1045153.025	0.452
SAimp_E-MH-9028	1079991.806	1045516.202	0.198
SAimp_12603-1	1080012.953	1044974.792	1.005
SAimp_E-MH-18739	1080137.873	1046047.349	0.814
SAimp_E-MH-17896-2	1080187.55	1044411.78	0.145
SAimp_N/A(Not_Modeled)-27	1080342.383	1043697.869	0.123
SAimp_E-MH-17896-1	1080371.726	1045067.034	1.196
SAimp_10076-2	1080386.154	1045554.015	5.66
SAimp_E-MH-18740	1080408.759	1045967.297	0.71
SAimp_10069	1080492.008	1044216.153	0.332
SAimp_E-MH-18741-1	1080634.108	1045814.248	0.567
SAimp_10072	1080696.484	1044984.732	0.721
SAimp_10076-3	1080782.402	1045615.039	0.175
SAimp_12549	1080803.471	1044446.17	0.295
SAimp_E-MH-18741-2	1080878.877	1046031.155	0.136
SAimp_10076-4	1080981.262	1045803.615	0.244
Parking_E-MH-9006	1080998.572	1045048.585	0.9
SAimp_E-MH-9006	1081033.572	1045023.585	0.948
SAimp_12551	1081165.392	1044819.618	0.274
SAimp_E-node-2418-2	1081178.159	1045778.218	0.291
SAimp_8794	1081195.457	1046248.937	0.314
SAimp_10076-1	1081215.66	1045476.295	0.505
SAimp_12552	1081312.017	1044344.288	0.379
Parking_10138	1081343.784	1046669.42	0.287
SAimp_10138	1081378.784	1046644.42	0.595
SAimp_E-node-2418-1	1081384.798	1046160.835	0.418
SAimp_E-MH-9009-2	1081394.186	1044764.712	0.538
SAimp_E-node-2417	1081506.494	1045576.547	0.209
SAimp_E-MH-3445-1	1081534.605	1045998.923	0.438
SAimp_E-MH-9009-1	1081567.161	1044635.945	0.151
SAimp_E-node-2546-2	1081626.858	1046684.031	0.128
SAimp_E-node-1267-4	1081679.623	1045349.256	0.58
Parking_E-MH-9013	1081751.478	1044651.535	0.345
SAimp_E-MH-9013	1081786.478	1044626.535	0.119
Parking_E-MH-9015-2	1081836.373	1045033.671	0.484
SAimp_E-MH-9015-2	1081871.373	1045008.671	0.258
Parking_E-node-413	1081873.766	1047972.103	0.109
SAimp_E-node-2416	1081895.28	1046237.681	0.841
Parking_10124-1	1081971.698	1048185.464	0.241
Parking_10130	1081995.698	1047669.583	0.632
SAimp_10124-1	1082006.698	1048160.464	0.235
SAimp_E-node-1266-2	1082024.239	1045375.915	0.271
SAimp_10130	1082030.698	1047644.583	0.316
SAimp_E-node-383-3	1082059.378	1045149.888	2.076
Parking_E-MH-6870	1082083.367	1050996.406	4.06
Parking_E-node-1267-2	1082100.346	1046068.29	0.206
Parking_E-MH-3733	1082118	1050394.225	0.514
SAimp_E-MH-6870	1082118.367	1050971.406	1.215
SAimp_E-node-1267-2	1082135.346	1046043.29	0.822
SAimp_E-MH-3733	1082153	1050369.225	0.265
Parking_E-MH-9015-1	1082156.513	1044716.142	0.437
SAimp_E-MH-9015-1	1082191.513	1044691.142	0.987
Parking_10124-2	1082217.867	1048327.046	0.464
SAimp_10124-2	1082252.867	1048302.046	0.315
SAimp_E-node-383-1	1082303.462	1045276.04	0.226
Parking_12460-3	1082316.591	1050143.62	0.118
SAimp_E-MH-9016-1	1082340.02	1043744.344	0.494
SAimp_12460-3	1082351.591	1050118.62	0.313
SAimp_E-node-1266-1	1082389.77	1045908.128	0.765
Parking_10132-2	1082430.211	1047244.191	1.189
SAimp_10132-2	1082465.211	1047219.191	1.607
SAimp_E-node-384	1082465.848	1045164.216	0.437
Parking_E-MH-3738	1082477.761	1051042.524	0.466
Parking_E-MH-20258-2	1082482.099	1049212.348	0.18
SAimp_E-MH-3763-1	1082489.551	1047810.548	0.295
SAimp_E-MH-3763-2	1082500.846	1048145.757	0.659
SAimp_E-MH-3738	1082512.761	1051017.524	0.142
SAimp_E-MH-9016-2	1082533.647	1044420.817	0.148
Parking_E-MH-3737-1	1082568.847	1051680.168	6.956
SAimp_E-node-383-2	1082579.39	1045651.119	0.648
SAimp_E-MH-3737-1	1082603.847	1051655.168	0.359
Parking_E-MH-20259	1082660.982	1049617.291	1.265
SAimp_E-MH-20258-1	1082665.187	1049085.493	0.312
Parking_12448	1082694.53	1049962.2	0.914
SAimp_E-MH-20259	1082695.982	1049592.291	0.526
Parking_E-MH-3766-2	1082697.832	1045314.42	1.013
Parking_12460-2	1082717.152	1050468.55	1.447
SAimp_12448	1082729.53	1049937.2	0.39
SAimp_E-MH-3766-2	1082732.832	1045289.42	0.373
SAimp_12460-2	1082752.152	1050443.55	0.706
Parking_E-MH-3737-2	1082764.906	1051027.809	1.56
SAimp_E-MH-9024-1	1082782.871	1044710.764	0.385
SAimp_E-MH-3737-2	1082799.906	1051002.809	0.609
Parking_E-MH-9024-3	1082835.637	1043854.383	0.192
SAimp_12579	1082851.143	1048120.324	0.633
Parking_10132-1	1082851.319	1047352.801	0.189
SAimp_E-MH-9024-3	1082870.637	1043829.383	0.486
SAimp_E-MH-3766-1	1082930.434	1045461.319	0.151
SAimp_E-MH-3768	1082943.05	1045966.523	0.18
Parking_E-MH-3736	1083039.452	1051025.597	0.325
Parking_E-MH-9024-2	1083066.382	1044396.493	0.797
SAimp_E-MH-3736	1083074.452	1051000.597	0.19
SAimp_E-MH-3448-3	1083089.378	1044915.248	0.475
SAimp_E-MH-9024-2	1083101.382	1044371.493	1.176
Parking_E-MH-3735	1083158.212	1051906.644	5.231
Parking_E-MH-3765	1083166.362	1048230.568	0.576
SAimp_E-MH-3735	1083193.212	1051881.644	0.9
SAimp_E-MH-3765	1083201.362	1048205.568	1.252
Parking_E-MH-3448-1	1083268.337	1045287.839	0.195
Parking_10163	1083276.624	1050832.402	0.419
SAimp_10163	1083311.624	1050807.402	0.43
Parking_12449	1083354.812	1050128.001	3.305
SAimp_12449	1083389.812	1050103.001	0.337
SAimp_E-MH-3448-2	1083395.129	1045148.925	4.107
Parking_E-node-2414-2	1083497.343	1044641.193	0.21
Parking_E-node-5045-2	1083536.871	1044962.891	0.144
SAimp_12455	1083555.528	1051175.341	0.162
Parking_12450-3	1083560.82	1050599.349	0.364
SAimp_E-node-5045-2	1083571.871	1044937.891	0.297
SAimp_12450-3	1083595.82	1050574.349	0.552
Parking_E-node-647	1083640.84	1051512.593	1.508
Parking_12450-4	1083644.82	1050984.407	0.465
Parking_E-node-649	1083654.945	1051861.111	0.653
SAimp_E-node-3735-1	1083664.013	1052611.887	0.189
SAimp_E-node-647	1083675.84	1051487.593	0.143
SAimp_12450-4	1083679.82	1050959.407	0.189
SAimp_E-node-649	1083689.945	1051836.111	0.188
SAimp_E-node-646	1083714.484	1051294.76	0.227
Parking_E-node-652	1083718.825	1052211.802	0.902
SAimp_12454	1083723.661	1051133.426	0.154
Parking_E-MH-5987-1	1083736.287	1048089.225	0.906
SAimp_E-node-652	1083753.825	1052186.802	0.233
SAimp_E-MH-5987-1	1083771.287	1048064.225	2.127
Parking_12450-2	1083806.094	1050475.186	0.16
Parking_12477	1083874.342	1051385.89	0.403
SAimp_12477	1083909.342	1051360.89	0.11
Parking_E-node-648	1083992.644	1051555.799	1.087
Parking_10160	1084003.458	1051041.965	0.56
SAimp_12479	1084021.011	1051251.759	0.149
SAimp_E-node-648	1084027.644	1051530.799	0.117
SAimp_10160	1084038.458	1051016.965	0.368
Parking_E-node-651	1084104.111	1052154.582	0.265
SAimp_E-node-651	1084139.111	1052129.582	0.207
Parking_E-node-644	1084272.665	1051452.162	0.421
Parking_E-node-650	1084275.095	1051856.393	3.53
SAimp_E-node-650	1084310.095	1051831.393	0.163
Parking_E-node-656-2	1084384.309	1052234.953	0.87
Parking_12526-2	1084519.828	1051078.182	1.52
SAimp_12526-2	1084554.828	1051053.182	0.525
Parking_12529-2	1084951.785	1051065.032	3.256
Parking_12529-1	1084985.742	1052864.967	0.113
SAimp_12529-2	1084986.785	1051040.032	0.353
Parking_12539	1085054.693	1052975.777	0.819
Parking_12537-2	1085319.889	1052720.411	1.848
Parking_12533	1085338.206	1052157.755	4.061
SAimp_12537-2	1085354.889	1052695.411	0.401
SAimp_12533	1085373.206	1052132.755	0.657
Parking_12531	1085400.292	1051430.081	3.218
SAimp_12531	1085435.292	1051405.081	0.921
Parking_12537-1	1085525.059	1053449.665	1.677
